lat.grd
DSAA
  500  400
 1  500
 1  400
  13.5   75.3
[rows 0 to 31 of 400, columns 142 to 212 of 500]
19.610 19.633 19.656 19.678 19.701 19.723 19.745 19.766 19.788 19.809 19.830 19.851 19.872 19.892 19.913 19.933 19.952 19.972 19.992 20.011 20.030 20.049 20.067 20.086 20.104 20.122 20.140 20.157 20.175 20.192 20.209 20.225 20.242 20.258 20.274 20.290 20.306 20.321 20.336 20.351 20.366 20.381 20.395 20.409 20.423 20.437 20.451 20.464 20.477 20.490 20.502 20.515 20.527 20.539 20.551 20.563 20.574 20.585 20.596 20.607 20.617 20.627 20.638 20.647 20.657 20.666 20.676 20.685 20.693 20.702 20.710
19.735 19.758 19.781 19.803 19.826 19.848 19.870 19.892 19.913 19.935 19.956 19.977 19.998 20.018 20.038 20.059 20.078 20.098 20.118 20.137 20.156 20.175 20.194 20.212 20.230 20.248 20.266 20.284 20.301 20.318 20.335 20.352 20.369 20.385 20.401 20.417 20.433 20.448 20.463 20.478 20.493 20.508 20.522 20.536 20.550 20.564 20.578 20.591 20.604 20.617 20.630 20.642 20.655 20.667 20.678 20.690 20.701 20.713 20.724 20.734 20.745 20.755 20.765 20.775 20.785 20.794 20.803 20.812 20.821 20.830 20.838
19.860 19.883 19.906 19.929 19.951 19.974 19.996 20.017 20.039 20.060 20.082 20.103 20.123 20.144 20.164 20.185 20.205 20.224 20.244 20.263 20.282 20.301 20.320 20.338 20.357 20.375 20.393 20.410 20.428 20.445 20.462 20.479 20.495 20.512 20.528 20.544 20.560 20.575 20.590 20.605 20.620 20.635 20.649 20.664 20.678 20.692 20.705 20.719 20.732 20.745 20.757 20.770 20.782 20.794 20.806 20.818 20.829 20.840 20.851 20.862 20.873 20.883 20.893 20.903 20.913 20.922 20.931 20.940 20.949 20.958 20.966
19.986 20.009 20.032 20.054 20.077 20.099 20.121 20.143 20.165 20.186 20.208 20.229 20.249 20.270 20.291 20.311 20.331 20.351 20.370 20.390 20.409 20.428 20.446 20.465 20.483 20.501 20.519 20.537 20.554 20.572 20.589 20.606 20.622 20.639 20.655 20.671 20.687 20.702 20.718 20.733 20.748 20.762 20.777 20.791 20.805 20.819 20.833 20.846 20.859 20.872 20.885 20.897 20.910 20.922 20.934 20.945 20.957 20.968 20.979 20.990 21.001 21.011 21.021 21.031 21.041 21.050 21.059 21.069 21.077 21.086 21.094
20.111 20.134 20.157 20.180 20.203 20.225 20.247 20.269 20.291 20.312 20.334 20.355 20.376 20.396 20.417 20.437 20.457 20.477 20.497 20.516 20.535 20.554 20.573 20.592 20.610 20.628 20.646 20.664 20.681 20.699 20.716 20.733 20.749 20.766 20.782 20.798 20.814 20.829 20.845 20.860 20.875 20.890 20.904 20.919 20.933 20.947 20.960 20.974 20.987 21.000 21.013 21.025 21.038 21.050 21.062 21.073 21.085 21.096 21.107 21.118 21.129 21.139 21.149 21.159 21.169 21.178 21.188 21.197 21.206 21.214 21.223
20.237 20.260 20.283 20.306 20.328 20.351 20.373 20.395 20.417 20.438 20.460 20.481 20.502 20.522 20.543 20.563 20.583 20.603 20.623 20.643 20.662 20.681 20.700 20.718 20.737 20.755 20.773 20.791 20.808 20.826 20.843 20.860 20.876 20.893 20.909 20.925 20.941 20.957 20.972 20.987 21.002 21.017 21.032 21.046 21.060 21.074 21.088 21.101 21.115 21.128 21.140 21.153 21.165 21.178 21.190 21.201 21.213 21.224 21.235 21.246 21.257 21.267 21.277 21.287 21.297 21.307 21.316 21.325 21.334 21.343 21.351
20.362 20.385 20.409 20.431 20.454 20.477 20.499 20.521 20.543 20.564 20.586 20.607 20.628 20.649 20.669 20.690 20.710 20.730 20.750 20.769 20.789 20.808 20.827 20.845 20.864 20.882 20.900 20.918 20.935 20.953 20.970 20.987 21.004 21.020 21.037 21.053 21.069 21.084 21.100 21.115 21.130 21.145 21.159 21.174 21.188 21.202 21.216 21.229 21.243 21.256 21.268 21.281 21.293 21.306 21.318 21.329 21.341 21.352 21.363 21.374 21.385 21.395 21.406 21.416 21.425 21.435 21.444 21.453 21.462 21.471 21.479
20.488 20.511 20.534 20.557 20.580 20.603 20.625 20.647 20.669 20.691 20.712 20.733 20.754 20.775 20.796 20.816 20.837 20.857 20.876 20.896 20.915 20.934 20.953 20.972 20.991 21.009 21.027 21.045 21.063 21.080 21.097 21.114 21.131 21.148 21.164 21.180 21.196 21.212 21.227 21.243 21.258 21.273 21.287 21.302 21.316 21.330 21.344 21.357 21.370 21.384 21.396 21.409 21.422 21.434 21.446 21.458 21.469 21.481 21.492 21.503 21.513 21.524 21.534 21.544 21.554 21.563 21.573 21.582 21.591 21.600 21.608
20.614 20.637 20.660 20.683 20.706 20.729 20.751 20.773 20.795 20.817 20.839 20.860 20.881 20.902 20.923 20.943 20.963 20.983 21.003 21.023 21.042 21.061 21.080 21.099 21.118 21.136 21.154 21.172 21.190 21.207 21.225 21.242 21.259 21.275 21.292 21.308 21.324 21.340 21.355 21.370 21.386 21.400 21.415 21.430 21.444 21.458 21.472 21.485 21.499 21.512 21.525 21.537 21.550 21.562 21.574 21.586 21.598 21.609 21.620 21.631 21.642 21.652 21.663 21.673 21.682 21.692 21.701 21.711 21.720 21.728 21.737
20.740 20.763 20.786 20.809 20.832 20.855 20.877 20.900 20.922 20.943 20.965 20.986 21.008 21.029 21.049 21.070 21.090 21.110 21.130 21.150 21.169 21.189 21.208 21.226 21.245 21.263 21.282 21.300 21.317 21.335 21.352 21.369 21.386 21.403 21.419 21.436 21.452 21.467 21.483 21.498 21.513 21.528 21.543 21.558 21.572 21.586 21.600 21.613 21.627 21.640 21.653 21.666 21.678 21.690 21.702 21.714 21.726 21.737 21.749 21.760 21.770 21.781 21.791 21.801 21.811 21.821 21.830 21.839 21.848 21.857 21.866
20.866 20.889 20.913 20.936 20.959 20.981 21.004 21.026 21.048 21.070 21.092 21.113 21.134 21.155 21.176 21.197 21.217 21.237 21.257 21.277 21.296 21.316 21.335 21.354 21.372 21.391 21.409 21.427 21.445 21.462 21.480 21.497 21.514 21.531 21.547 21.563 21.579 21.595 21.611 21.626 21.641 21.656 21.671 21.686 21.700 21.714 21.728 21.742 21.755 21.768 21.781 21.794 21.807 21.819 21.831 21.843 21.854 21.866 21.877 21.888 21.899 21.910 21.920 21.930 21.940 21.949 21.959 21.968 21.977 21.986 21.994
20.992 21.015 21.039 21.062 21.085 21.108 21.130 21.153 21.175 21.197 21.218 21.240 21.261 21.282 21.303 21.324 21.344 21.364 21.384 21.404 21.424 21.443 21.462 21.481 21.500 21.518 21.537 21.555 21.572 21.590 21.607 21.625 21.642 21.658 21.675 21.691 21.707 21.723 21.739 21.754 21.770 21.785 21.799 21.814 21.828 21.842 21.856 21.870 21.883 21.897 21.910 21.922 21.935 21.947 21.960 21.971 21.983 21.995 22.006 22.017 22.028 22.038 22.049 22.059 22.069 22.078 22.088 22.097 22.106 22.115 22.123
21.118 21.142 21.165 21.188 21.211 21.234 21.257 21.279 21.301 21.323 21.345 21.367 21.388 21.409 21.430 21.451 21.471 21.491 21.511 21.531 21.551 21.570 21.590 21.608 21.627 21.646 21.664 21.682 21.700 21.718 21.735 21.752 21.769 21.786 21.803 21.819 21.835 21.851 21.867 21.882 21.898 21.913 21.928 21.942 21.957 21.971 21.985 21.998 22.012 22.025 22.038 22.051 22.064 22.076 22.088 22.100 22.112 22.123 22.135 22.146 22.157 22.167 22.178 22.188 22.198 22.207 22.217 22.226 22.235 22.244 22.253
21.244 21.268 21.292 21.315 21.338 21.361 21.384 21.406 21.428 21.450 21.472 21.494 21.515 21.536 21.557 21.578 21.598 21.619 21.639 21.659 21.678 21.698 21.717 21.736 21.755 21.773 21.792 21.810 21.828 21.846 21.863 21.880 21.897 21.914 21.931 21.947 21.964 21.979 21.995 22.011 22.026 22.041 22.056 22.071 22.085 22.099 22.113 22.127 22.141 22.154 22.167 22.180 22.192 22.205 22.217 22.229 22.241 22.252 22.264 22.275 22.286 22.296 22.307 22.317 22.327 22.336 22.346 22.355 22.364 22.373 22.382
21.371 21.395 21.418 21.441 21.465 21.488 21.510 21.533 21.555 21.577 21.599 21.621 21.642 21.663 21.684 21.705 21.726 21.746 21.766 21.786 21.806 21.825 21.845 21.864 21.883 21.901 21.920 21.938 21.956 21.974 21.991 22.008 22.026 22.042 22.059 22.076 22.092 22.108 22.124 22.139 22.154 22.170 22.184 22.199 22.214 22.228 22.242 22.256 22.269 22.283 22.296 22.309 22.321 22.334 22.346 22.358 22.370 22.381 22.393 22.404 22.415 22.425 22.436 22.446 22.456 22.466 22.475 22.485 22.494 22.502 22.511
21.497 21.521 21.545 21.568 21.591 21.614 21.637 21.660 21.682 21.704 21.726 21.748 21.769 21.791 21.812 21.832 21.853 21.874 21.894 21.914 21.934 21.953 21.972 21.992 22.010 22.029 22.048 22.066 22.084 22.102 22.119 22.137 22.154 22.171 22.187 22.204 22.220 22.236 22.252 22.268 22.283 22.298 22.313 22.328 22.342 22.357 22.371 22.384 22.398 22.411 22.425 22.437 22.450 22.463 22.475 22.487 22.499 22.510 22.522 22.533 22.544 22.554 22.565 22.575 22.585 22.595 22.605 22.614 22.623 22.632 22.641
21.624 21.648 21.672 21.695 21.718 21.741 21.764 21.787 21.809 21.831 21.853 21.875 21.897 21.918 21.939 21.960 21.981 22.001 22.021 22.041 22.061 22.081 22.100 22.119 22.138 22.157 22.176 22.194 22.212 22.230 22.247 22.265 22.282 22.299 22.316 22.332 22.349 22.365 22.380 22.396 22.412 22.427 22.442 22.456 22.471 22.485 22.499 22.513 22.527 22.540 22.554 22.566 22.579 22.592 22.604 22.616 22.628 22.640 22.651 22.662 22.673 22.684 22.694 22.705 22.715 22.724 22.734 22.743 22.752 22.761 22.770
21.751 21.775 21.798 21.822 21.845 21.868 21.891 21.914 21.936 21.959 21.981 22.002 22.024 22.045 22.067 22.088 22.108 22.129 22.149 22.169 22.189 22.209 22.228 22.247 22.266 22.285 22.304 22.322 22.340 22.358 22.376 22.393 22.410 22.427 22.444 22.461 22.477 22.493 22.509 22.525 22.540 22.556 22.571 22.585 22.600 22.614 22.628 22.642 22.656 22.669 22.683 22.696 22.708 22.721 22.733 22.745 22.757 22.769 22.780 22.791 22.802 22.813 22.824 22.834 22.844 22.854 22.864 22.873 22.882 22.891 22.900
21.877 21.901 21.925 21.949 21.972 21.995 22.018 22.041 22.064 22.086 22.108 22.130 22.152 22.173 22.194 22.215 22.236 22.257 22.277 22.297 22.317 22.337 22.356 22.375 22.394 22.413 22.432 22.450 22.468 22.486 22.504 22.522 22.539 22.556 22.573 22.589 22.606 22.622 22.638 22.654 22.669 22.684 22.699 22.714 22.729 22.743 22.757 22.771 22.785 22.799 22.812 22.825 22.838 22.850 22.863 22.875 22.887 22.898 22.910 22.921 22.932 22.943 22.953 22.964 22.974 22.984 22.993 23.003 23.012 23.021 23.029
22.004 22.028 22.052 22.076 22.099 22.123 22.146 22.168 22.191 22.213 22.235 22.257 22.279 22.301 22.322 22.343 22.364 22.384 22.405 22.425 22.445 22.465 22.484 22.504 22.523 22.542 22.560 22.579 22.597 22.615 22.633 22.650 22.667 22.685 22.701 22.718 22.735 22.751 22.767 22.782 22.798 22.813 22.828 22.843 22.858 22.872 22.887 22.901 22.914 22.928 22.941 22.954 22.967 22.980 22.992 23.004 23.016 23.028 23.039 23.051 23.062 23.072 23.083 23.093 23.103 23.113 23.123 23.132 23.142 23.151 23.159
22.131 22.155 22.179 22.203 22.227 22.250 22.273 22.296 22.318 22.341 22.363 22.385 22.407 22.428 22.450 22.471 22.492 22.512 22.533 22.553 22.573 22.593 22.612 22.632 22.651 22.670 22.689 22.707 22.725 22.743 22.761 22.779 22.796 22.813 22.830 22.847 22.863 22.880 22.896 22.911 22.927 22.942 22.958 22.972 22.987 23.002 23.016 23.030 23.044 23.057 23.070 23.084 23.096 23.109 23.121 23.134 23.146 23.157 23.169 23.180 23.191 23.202 23.213 23.223 23.233 23.243 23.253 23.262 23.271 23.280 23.289
22.258 22.283 22.307 22.330 22.354 22.377 22.400 22.423 22.446 22.468 22.491 22.513 22.535 22.556 22.578 22.599 22.620 22.640 22.661 22.681 22.701 22.721 22.741 22.760 22.779 22.798 22.817 22.836 22.854 22.872 22.890 22.908 22.925 22.942 22.959 22.976 22.992 23.009 23.025 23.041 23.056 23.072 23.087 23.102 23.116 23.131 23.145 23.159 23.173 23.187 23.200 23.213 23.226 23.239 23.251 23.263 23.275 23.287 23.299 23.310 23.321 23.332 23.342 23.353 23.363 23.373 23.383 23.392 23.401 23.410 23.419
22.386 22.410 22.434 22.458 22.481 22.505 22.528 22.551 22.574 22.596 22.619 22.641 22.663 22.684 22.706 22.727 22.748 22.769 22.789 22.810 22.830 22.850 22.869 22.889 22.908 22.927 22.946 22.964 22.983 23.001 23.019 23.036 23.054 23.071 23.088 23.105 23.121 23.138 23.154 23.170 23.185 23.201 23.216 23.231 23.246 23.260 23.275 23.289 23.302 23.316 23.330 23.343 23.356 23.368 23.381 23.393 23.405 23.417 23.428 23.440 23.451 23.462 23.472 23.483 23.493 23.503 23.513 23.522 23.532 23.541 23.549
22.513 22.537 22.561 22.585 22.609 22.632 22.656 22.679 22.701 22.724 22.746 22.769 22.791 22.812 22.834 22.855 22.876 22.897 22.917 22.938 22.958 22.978 22.998 23.017 23.037 23.056 23.074 23.093 23.111 23.130 23.148 23.165 23.183 23.200 23.217 23.234 23.251 23.267 23.283 23.299 23.315 23.330 23.345 23.360 23.375 23.390 23.404 23.418 23.432 23.446 23.459 23.472 23.485 23.498 23.511 23.523 23.535 23.547 23.558 23.570 23.581 23.592 23.602 23.613 23.623 23.633 23.643 23.652 23.662 23.671 23.680
22.640 22.665 22.689 22.713 22.737 22.760 22.783 22.806 22.829 22.852 22.874 22.897 22.919 22.940 22.962 22.983 23.004 23.025 23.046 23.066 23.087 23.107 23.126 23.146 23.165 23.184 23.203 23.222 23.240 23.259 23.277 23.294 23.312 23.329 23.346 23.363 23.380 23.396 23.412 23.428 23.444 23.460 23.475 23.490 23.505 23.519 23.534 23.548 23.562 23.576 23.589 23.602 23.615 23.628 23.641 23.653 23.665 23.677 23.688 23.700 23.711 23.722 23.733 23.743 23.753 23.763 23.773 23.783 23.792 23.801 23.810
22.768 22.792 22.816 22.840 22.864 22.888 22.911 22.934 22.957 22.980 23.002 23.025 23.047 23.069 23.090 23.112 23.133 23.154 23.174 23.195 23.215 23.235 23.255 23.275 23.294 23.313 23.332 23.351 23.369 23.388 23.406 23.423 23.441 23.458 23.476 23.492 23.509 23.526 23.542 23.558 23.574 23.589 23.604 23.620 23.634 23.649 23.663 23.678 23.692 23.705 23.719 23.732 23.745 23.758 23.771 23.783 23.795 23.807 23.819 23.830 23.841 23.852 23.863 23.873 23.884 23.894 23.903 23.913 23.922 23.932 23.940
22.895 22.920 22.944 22.968 22.992 23.016 23.039 23.062 23.085 23.108 23.131 23.153 23.175 23.197 23.219 23.240 23.261 23.282 23.303 23.324 23.344 23.364 23.384 23.404 23.423 23.442 23.461 23.480 23.498 23.517 23.535 23.553 23.570 23.588 23.605 23.622 23.639 23.655 23.671 23.687 23.703 23.719 23.734 23.749 23.764 23.779 23.793 23.808 23.822 23.835 23.849 23.862 23.875 23.888 23.901 23.913 23.925 23.937 23.949 23.960 23.971 23.982 23.993 24.004 24.014 24.024 24.034 24.044 24.053 24.062 24.071
23.023 23.048 23.072 23.096 23.120 23.144 23.167 23.190 23.213 23.236 23.259 23.281 23.303 23.325 23.347 23.369 23.390 23.411 23.432 23.452 23.473 23.493 23.513 23.532 23.552 23.571 23.590 23.609 23.628 23.646 23.664 23.682 23.700 23.717 23.734 23.751 23.768 23.785 23.801 23.817 23.833 23.849 23.864 23.879 23.894 23.909 23.923 23.938 23.952 23.965 23.979 23.992 24.005 24.018 24.031 24.043 24.055 24.067 24.079 24.091 24.102 24.113 24.124 24.134 24.145 24.155 24.165 24.174 24.184 24.193 24.202
23.151 23.175 23.200 23.224 23.248 23.272 23.295 23.319 23.342 23.365 23.387 23.410 23.432 23.454 23.476 23.497 23.518 23.540 23.560 23.581 23.602 23.622 23.642 23.661 23.681 23.700 23.719 23.738 23.757 23.775 23.793 23.811 23.829 23.847 23.864 23.881 23.898 23.914 23.931 23.947 23.963 23.978 23.994 24.009 24.024 24.039 24.053 24.068 24.082 24.095 24.109 24.122 24.136 24.148 24.161 24.174 24.186 24.198 24.210 24.221 24.232 24.243 24.254 24.265 24.275 24.285 24.295 24.305 24.314 24.323 24.332
23.279 23.303 23.328 23.352 23.376 23.400 23.423 23.447 23.470 23.493 23.516 23.538 23.560 23.582 23.604 23.626 23.647 23.668 23.689 23.710 23.731 23.751 23.771 23.791 23.810 23.830 23.849 23.868 23.886 23.905 23.923 23.941 23.959 23.976 23.994 24.011 24.027 24.044 24.061 24.077 24.093 24.108 24.124 24.139 24.154 24.169 24.183 24.198 24.212 24.226 24.239 24.253 24.266 24.279 24.292 24.304 24.316 24.328 24.340 24.352 24.363 24.374 24.385 24.395 24.406 24.416 24.426 24.436 24.445 24.454 24.463
23.407 23.431 23.456 23.480 23.504 23.528 23.552 23.575 23.598 23.621 23.644 23.667 23.689 23.711 23.733 23.755 23.776 23.797 23.818 23.839 23.860 23.880 23.900 23.920 23.939 23.959 23.978 23.997 24.016 24.034 24.052 24.071 24.088 24.106 24.123 24.140 24.157 24.174 24.190 24.207 24.223 24.238 24.254 24.269 24.284 24.299 24.314 24.328 24.342 24.356 24.370 24.383 24.396 24.409 24.422 24.435 24.447 24.459 24.471 24.482 24.494 24.505 24.516 24.526 24.537 24.547 24.557 24.566 24.576 24.585 24.594
23.535 23.559 23.584 23.608 23.632 23.656 23.680 23.704 23.727 23.750 23.773 23.795 23.818 23.840 23.862 23.884 23.905 23.926 23.947 23.968 23.989 24.009 24.029 24.049 24.069 24.088 24.108 24.127 24.145 24.164 24.182 24.200 24.218 24.236 24.253 24.270 24.287 24.304 24.320 24.337 24.353 24.368 24.384 24.399 24.414 24.429 24.444 24.458 24.473 24.486 24.500 24.514 24.527 24.540 24.553 24.565 24.578 24.590 24.601 24.613 24.624 24.636 24.646 24.657 24.668 24.678 24.688 24.697 24.707 24.716 24.725
