lat.grd
DSAA
  500  400
 1  500
 1  400
  13.5   75.3
[rows 288 to 319 of 400, columns 0 to 70 of 500]
47.610 47.700 47.790 47.879 47.969 48.058 48.147 48.235 48.324 48.412 48.500 48.588 48.675 48.763 48.850 48.937 49.023 49.110 49.196 49.282 49.368 49.453 49.538 49.623 49.708 49.792 49.876 49.960 50.044 50.128 50.211 50.294 50.377 50.459 50.541 50.623 50.705 50.786 50.867 50.948 51.029 51.109 51.189 51.269 51.349 51.428 51.507 51.586 51.664 51.742 51.820 51.898 51.975 52.052 52.129 52.205 52.282 52.357 52.433 52.508 52.583 52.658 52.733 52.807 52.881 52.954 53.027 53.100 53.173 53.245 53.318
47.716 47.807 47.897 47.986 48.076 48.165 48.254 48.343 48.432 48.520 48.608 48.696 48.784 48.872 48.959 49.046 49.133 49.219 49.306 49.392 49.478 49.563 49.648 49.734 49.818 49.903 49.987 50.072 50.156 50.239 50.323 50.406 50.489 50.571 50.654 50.736 50.817 50.899 50.980 51.061 51.142 51.223 51.303 51.383 51.463 51.542 51.621 51.700 51.779 51.857 51.935 52.013 52.090 52.168 52.245 52.321 52.398 52.474 52.549 52.625 52.700 52.775 52.850 52.924 52.998 53.072 53.145 53.218 53.291 53.364 53.436
47.823 47.913 48.003 48.093 48.183 48.272 48.362 48.451 48.540 48.628 48.717 48.805 48.893 48.980 49.068 49.155 49.242 49.329 49.415 49.501 49.587 49.673 49.759 49.844 49.929 50.014 50.098 50.183 50.267 50.351 50.434 50.517 50.600 50.683 50.766 50.848 50.930 51.012 51.093 51.174 51.255 51.336 51.416 51.497 51.576 51.656 51.735 51.814 51.893 51.972 52.050 52.128 52.206 52.283 52.360 52.437 52.513 52.590 52.666 52.741 52.817 52.892 52.966 53.041 53.115 53.189 53.262 53.336 53.409 53.481 53.554
47.929 48.020 48.110 48.200 48.290 48.380 48.469 48.558 48.647 48.736 48.824 48.913 49.001 49.089 49.176 49.264 49.351 49.438 49.524 49.611 49.697 49.783 49.869 49.954 50.039 50.124 50.209 50.294 50.378 50.462 50.545 50.629 50.712 50.795 50.878 50.960 51.042 51.124 51.206 51.287 51.368 51.449 51.530 51.610 51.690 51.770 51.849 51.929 52.008 52.086 52.165 52.243 52.321 52.398 52.475 52.552 52.629 52.705 52.782 52.857 52.933 53.008 53.083 53.158 53.232 53.306 53.380 53.453 53.526 53.599 53.672
48.035 48.126 48.216 48.307 48.397 48.487 48.576 48.666 48.755 48.844 48.932 49.021 49.109 49.197 49.285 49.372 49.460 49.547 49.634 49.720 49.807 49.893 49.979 50.064 50.150 50.235 50.320 50.404 50.489 50.573 50.657 50.740 50.824 50.907 50.990 51.072 51.155 51.237 51.319 51.400 51.481 51.562 51.643 51.724 51.804 51.884 51.963 52.043 52.122 52.201 52.279 52.358 52.435 52.513 52.591 52.668 52.745 52.821 52.897 52.973 53.049 53.124 53.200 53.274 53.349 53.423 53.497 53.571 53.644 53.717 53.789
48.141 48.232 48.323 48.413 48.503 48.593 48.683 48.773 48.862 48.951 49.040 49.129 49.217 49.305 49.393 49.481 49.568 49.656 49.743 49.829 49.916 50.002 50.088 50.174 50.260 50.345 50.430 50.515 50.599 50.684 50.768 50.852 50.935 51.018 51.101 51.184 51.267 51.349 51.431 51.513 51.594 51.675 51.756 51.837 51.917 51.997 52.077 52.157 52.236 52.315 52.394 52.472 52.550 52.628 52.706 52.783 52.860 52.937 53.013 53.089 53.165 53.241 53.316 53.391 53.465 53.540 53.614 53.688 53.761 53.834 53.907
48.247 48.338 48.429 48.519 48.610 48.700 48.790 48.880 48.969 49.058 49.147 49.236 49.325 49.413 49.501 49.589 49.677 49.764 49.852 49.938 50.025 50.112 50.198 50.284 50.370 50.455 50.540 50.625 50.710 50.794 50.879 50.963 51.046 51.130 51.213 51.296 51.379 51.461 51.543 51.625 51.707 51.788 51.869 51.950 52.030 52.111 52.191 52.270 52.350 52.429 52.508 52.586 52.665 52.743 52.821 52.898 52.975 53.052 53.129 53.205 53.281 53.357 53.432 53.507 53.582 53.657 53.731 53.805 53.878 53.952 54.025
48.353 48.444 48.535 48.626 48.716 48.806 48.897 48.986 49.076 49.166 49.255 49.344 49.433 49.521 49.609 49.697 49.785 49.873 49.960 50.047 50.134 50.221 50.307 50.393 50.479 50.565 50.650 50.735 50.820 50.905 50.989 51.074 51.157 51.241 51.324 51.408 51.490 51.573 51.655 51.737 51.819 51.901 51.982 52.063 52.144 52.224 52.304 52.384 52.464 52.543 52.622 52.701 52.779 52.857 52.935 53.013 53.090 53.167 53.244 53.321 53.397 53.473 53.548 53.623 53.698 53.773 53.847 53.922 53.995 54.069 54.142
48.458 48.549 48.641 48.732 48.822 48.913 49.003 49.093 49.183 49.273 49.362 49.451 49.540 49.629 49.717 49.806 49.894 49.981 50.069 50.156 50.243 50.330 50.416 50.503 50.589 50.675 50.760 50.846 50.931 51.015 51.100 51.184 51.268 51.352 51.436 51.519 51.602 51.685 51.767 51.849 51.931 52.013 52.094 52.176 52.257 52.337 52.417 52.497 52.577 52.657 52.736 52.815 52.893 52.972 53.050 53.128 53.205 53.282 53.359 53.436 53.512 53.588 53.664 53.739 53.815 53.889 53.964 54.038 54.112 54.186 54.259
48.563 48.655 48.746 48.837 48.928 49.019 49.109 49.200 49.290 49.379 49.469 49.558 49.647 49.736 49.825 49.913 50.002 50.089 50.177 50.265 50.352 50.439 50.526 50.612 50.698 50.784 50.870 50.955 51.041 51.126 51.210 51.295 51.379 51.463 51.547 51.630 51.713 51.796 51.879 51.961 52.044 52.125 52.207 52.288 52.369 52.450 52.531 52.611 52.691 52.770 52.850 52.929 53.008 53.086 53.164 53.242 53.320 53.397 53.474 53.551 53.628 53.704 53.780 53.855 53.931 54.006 54.080 54.155 54.229 54.303 54.376
48.668 48.760 48.852 48.943 49.034 49.125 49.216 49.306 49.396 49.486 49.576 49.665 49.755 49.844 49.933 50.021 50.109 50.198 50.285 50.373 50.460 50.548 50.634 50.721 50.808 50.894 50.980 51.065 51.151 51.236 51.321 51.405 51.490 51.574 51.658 51.741 51.825 51.908 51.991 52.073 52.155 52.237 52.319 52.401 52.482 52.563 52.643 52.724 52.804 52.884 52.963 53.043 53.122 53.200 53.279 53.357 53.435 53.512 53.589 53.666 53.743 53.819 53.895 53.971 54.047 54.122 54.197 54.271 54.345 54.419 54.493
48.773 48.865 48.957 49.048 49.140 49.231 49.322 49.412 49.502 49.593 49.683 49.772 49.862 49.951 50.040 50.129 50.217 50.305 50.393 50.481 50.569 50.656 50.743 50.830 50.917 51.003 51.089 51.175 51.260 51.346 51.431 51.516 51.600 51.684 51.769 51.852 51.936 52.019 52.102 52.185 52.267 52.349 52.431 52.513 52.594 52.675 52.756 52.837 52.917 52.997 53.077 53.156 53.235 53.314 53.393 53.471 53.549 53.627 53.704 53.781 53.858 53.935 54.011 54.087 54.162 54.238 54.313 54.387 54.462 54.536 54.610
48.878 48.970 49.062 49.154 49.245 49.336 49.427 49.518 49.609 49.699 49.789 49.879 49.969 50.058 50.147 50.236 50.325 50.413 50.501 50.589 50.677 50.765 50.852 50.939 51.026 51.112 51.198 51.284 51.370 51.456 51.541 51.626 51.710 51.795 51.879 51.963 52.047 52.130 52.213 52.296 52.379 52.461 52.543 52.625 52.707 52.788 52.869 52.950 53.030 53.110 53.190 53.270 53.349 53.428 53.507 53.585 53.663 53.741 53.819 53.896 53.973 54.050 54.126 54.202 54.278 54.353 54.429 54.503 54.578 54.652 54.726
48.983 49.075 49.167 49.259 49.350 49.442 49.533 49.624 49.715 49.805 49.895 49.985 50.075 50.165 50.254 50.343 50.432 50.521 50.609 50.697 50.785 50.873 50.960 51.047 51.134 51.221 51.307 51.394 51.479 51.565 51.651 51.736 51.821 51.905 51.990 52.074 52.158 52.241 52.324 52.408 52.490 52.573 52.655 52.737 52.819 52.900 52.981 53.062 53.143 53.223 53.303 53.383 53.462 53.542 53.620 53.699 53.777 53.855 53.933 54.011 54.088 54.165 54.241 54.317 54.393 54.469 54.544 54.619 54.694 54.768 54.843
49.087 49.180 49.272 49.364 49.456 49.547 49.638 49.730 49.820 49.911 50.002 50.092 50.182 50.271 50.361 50.450 50.539 50.628 50.717 50.805 50.893 50.981 51.068 51.156 51.243 51.330 51.416 51.503 51.589 51.675 51.760 51.845 51.931 52.015 52.100 52.184 52.268 52.352 52.435 52.519 52.602 52.684 52.767 52.849 52.931 53.012 53.094 53.175 53.255 53.336 53.416 53.496 53.576 53.655 53.734 53.813 53.891 53.970 54.047 54.125 54.202 54.279 54.356 54.432 54.509 54.584 54.660 54.735 54.810 54.885 54.959
49.191 49.284 49.376 49.469 49.560 49.652 49.744 49.835 49.926 50.017 50.108 50.198 50.288 50.378 50.468 50.557 50.646 50.735 50.824 50.912 51.001 51.089 51.176 51.264 51.351 51.438 51.525 51.612 51.698 51.784 51.870 51.955 52.040 52.125 52.210 52.294 52.379 52.463 52.546 52.630 52.713 52.796 52.878 52.960 53.043 53.124 53.206 53.287 53.368 53.449 53.529 53.609 53.689 53.768 53.848 53.926 54.005 54.083 54.162 54.239 54.317 54.394 54.471 54.547 54.624 54.700 54.775 54.851 54.926 55.000 55.075
49.295 49.388 49.481 49.573 49.665 49.757 49.849 49.940 50.032 50.123 50.213 50.304 50.394 50.484 50.574 50.664 50.753 50.842 50.931 51.020 51.108 51.196 51.284 51.372 51.459 51.547 51.634 51.720 51.807 51.893 51.979 52.064 52.150 52.235 52.320 52.405 52.489 52.573 52.657 52.740 52.824 52.907 52.989 53.072 53.154 53.236 53.318 53.399 53.480 53.561 53.642 53.722 53.802 53.881 53.961 54.040 54.119 54.197 54.275 54.353 54.431 54.508 54.585 54.662 54.739 54.815 54.891 54.966 55.041 55.116 55.191
49.399 49.492 49.585 49.678 49.770 49.862 49.954 50.045 50.137 50.228 50.319 50.410 50.500 50.590 50.680 50.770 50.860 50.949 51.038 51.127 51.216 51.304 51.392 51.480 51.567 51.655 51.742 51.829 51.915 52.002 52.088 52.174 52.259 52.345 52.430 52.514 52.599 52.683 52.767 52.851 52.934 53.018 53.101 53.183 53.266 53.348 53.430 53.511 53.592 53.673 53.754 53.834 53.915 53.994 54.074 54.153 54.232 54.311 54.389 54.467 54.545 54.623 54.700 54.777 54.853 54.930 55.006 55.081 55.157 55.232 55.306
49.503 49.596 49.689 49.782 49.874 49.967 50.059 50.150 50.242 50.333 50.424 50.515 50.606 50.696 50.787 50.877 50.966 51.056 51.145 51.234 51.323 51.411 51.500 51.588 51.675 51.763 51.850 51.937 52.024 52.110 52.197 52.283 52.369 52.454 52.539 52.624 52.709 52.793 52.878 52.961 53.045 53.128 53.212 53.294 53.377 53.459 53.541 53.623 53.704 53.785 53.866 53.947 54.027 54.107 54.187 54.266 54.345 54.424 54.503 54.581 54.659 54.737 54.814 54.891 54.968 55.044 55.121 55.196 55.272 55.347 55.422
49.607 49.700 49.793 49.886 49.978 50.071 50.163 50.255 50.347 50.438 50.530 50.621 50.712 50.802 50.893 50.983 51.073 51.162 51.252 51.341 51.430 51.518 51.607 51.695 51.783 51.871 51.958 52.045 52.132 52.219 52.305 52.392 52.478 52.563 52.649 52.734 52.819 52.903 52.988 53.072 53.155 53.239 53.322 53.405 53.488 53.570 53.653 53.734 53.816 53.897 53.978 54.059 54.140 54.220 54.300 54.379 54.459 54.538 54.616 54.695 54.773 54.851 54.928 55.005 55.082 55.159 55.235 55.311 55.387 55.462 55.537
49.710 49.803 49.897 49.990 50.083 50.175 50.268 50.360 50.452 50.543 50.635 50.726 50.817 50.908 50.998 51.089 51.179 51.269 51.358 51.447 51.537 51.625 51.714 51.802 51.891 51.978 52.066 52.153 52.241 52.327 52.414 52.500 52.586 52.672 52.758 52.843 52.928 53.013 53.098 53.182 53.266 53.349 53.433 53.516 53.599 53.682 53.764 53.846 53.928 54.009 54.090 54.171 54.252 54.332 54.412 54.492 54.572 54.651 54.730 54.808 54.886 54.964 55.042 55.120 55.197 55.273 55.350 55.426 55.502 55.577 55.653
49.813 49.907 50.000 50.093 50.186 50.279 50.372 50.464 50.556 50.648 50.740 50.831 50.922 51.013 51.104 51.194 51.285 51.375 51.464 51.554 51.643 51.732 51.821 51.910 51.998 52.086 52.174 52.261 52.349 52.436 52.522 52.609 52.695 52.781 52.867 52.952 53.038 53.123 53.207 53.292 53.376 53.460 53.543 53.627 53.710 53.792 53.875 53.957 54.039 54.121 54.202 54.283 54.364 54.444 54.525 54.605 54.684 54.764 54.843 54.921 55.000 55.078 55.156 55.233 55.311 55.388 55.464 55.541 55.617 55.692 55.768
49.916 50.010 50.104 50.197 50.290 50.383 50.476 50.568 50.661 50.753 50.844 50.936 51.027 51.118 51.209 51.300 51.390 51.481 51.571 51.660 51.750 51.839 51.928 52.017 52.105 52.193 52.281 52.369 52.456 52.544 52.631 52.717 52.804 52.890 52.976 53.061 53.147 53.232 53.317 53.401 53.486 53.570 53.654 53.737 53.820 53.903 53.986 54.068 54.150 54.232 54.314 54.395 54.476 54.557 54.637 54.717 54.797 54.876 54.956 55.035 55.113 55.191 55.269 55.347 55.425 55.502 55.579 55.655 55.731 55.807 55.883
50.019 50.113 50.207 50.300 50.394 50.487 50.580 50.672 50.765 50.857 50.949 51.041 51.132 51.224 51.315 51.405 51.496 51.586 51.676 51.766 51.856 51.945 52.034 52.123 52.212 52.300 52.389 52.476 52.564 52.651 52.739 52.825 52.912 52.998 53.084 53.170 53.256 53.341 53.426 53.511 53.595 53.680 53.764 53.847 53.931 54.014 54.097 54.179 54.261 54.343 54.425 54.507 54.588 54.669 54.749 54.829 54.909 54.989 55.068 55.147 55.226 55.305 55.383 55.461 55.538 55.616 55.693 55.769 55.846 55.922 55.997
50.122 50.216 50.310 50.403 50.497 50.590 50.683 50.776 50.869 50.961 51.053 51.145 51.237 51.328 51.420 51.511 51.601 51.692 51.782 51.872 51.962 52.052 52.141 52.230 52.319 52.407 52.496 52.584 52.672 52.759 52.846 52.933 53.020 53.107 53.193 53.279 53.365 53.450 53.535 53.620 53.705 53.789 53.873 53.957 54.041 54.124 54.207 54.290 54.372 54.454 54.536 54.618 54.699 54.780 54.861 54.941 55.022 55.101 55.181 55.260 55.339 55.418 55.496 55.574 55.652 55.729 55.806 55.883 55.960 56.036 56.112
50.224 50.318 50.412 50.506 50.600 50.694 50.787 50.880 50.973 51.065 51.157 51.250 51.341 51.433 51.525 51.616 51.707 51.797 51.888 51.978 52.068 52.158 52.247 52.336 52.425 52.514 52.603 52.691 52.779 52.867 52.954 53.041 53.128 53.215 53.301 53.388 53.473 53.559 53.644 53.729 53.814 53.899 53.983 54.067 54.151 54.234 54.318 54.400 54.483 54.565 54.647 54.729 54.811 54.892 54.973 55.053 55.134 55.214 55.293 55.373 55.452 55.531 55.609 55.687 55.765 55.843 55.920 55.997 56.074 56.150 56.226
50.326 50.421 50.515 50.609 50.703 50.797 50.890 50.983 51.076 51.169 51.261 51.354 51.446 51.538 51.629 51.721 51.812 51.903 51.993 52.084 52.174 52.264 52.353 52.443 52.532 52.621 52.709 52.798 52.886 52.974 53.062 53.149 53.236 53.323 53.409 53.496 53.582 53.668 53.753 53.838 53.923 54.008 54.093 54.177 54.261 54.344 54.428 54.511 54.594 54.676 54.758 54.840 54.922 55.003 55.084 55.165 55.245 55.326 55.406 55.485 55.564 55.643 55.722 55.800 55.879 55.956 56.034 56.111 56.188 56.264 56.340
50.428 50.523 50.617 50.712 50.806 50.900 50.993 51.087 51.180 51.273 51.365 51.458 51.550 51.642 51.734 51.825 51.917 52.008 52.098 52.189 52.279 52.369 52.459 52.549 52.638 52.727 52.816 52.905 52.993 53.081 53.169 53.256 53.344 53.431 53.517 53.604 53.690 53.776 53.862 53.947 54.032 54.117 54.202 54.286 54.370 54.454 54.538 54.621 54.704 54.787 54.869 54.951 55.033 55.114 55.196 55.277 55.357 55.438 55.518 55.597 55.677 55.756 55.835 55.913 55.992 56.069 56.147 56.224 56.301 56.378 56.455
50.530 50.625 50.720 50.814 50.908 51.002 51.096 51.190 51.283 51.376 51.469 51.562 51.654 51.746 51.838 51.930 52.021 52.112 52.203 52.294 52.385 52.475 52.565 52.655 52.744 52.833 52.922 53.011 53.100 53.188 53.276 53.364 53.451 53.538 53.625 53.712 53.798 53.884 53.970 54.056 54.141 54.226 54.311 54.396 54.480 54.564 54.648 54.731 54.814 54.897 54.979 55.062 55.144 55.225 55.307 55.388 55.469 55.549 55.629 55.709 55.789 55.868 55.947 56.026 56.104 56.182 56.260 56.338 56.415 56.492 56.568
50.632 50.727 50.822 50.916 51.011 51.105 51.199 51.292 51.386 51.479 51.572 51.665 51.758 51.850 51.942 52.034 52.126 52.217 52.308 52.399 52.490 52.580 52.670 52.760 52.850 52.939 53.029 53.117 53.206 53.295 53.383 53.471 53.558 53.646 53.733 53.820 53.906 53.993 54.079 54.164 54.250 54.335 54.420 54.505 54.589 54.673 54.757 54.841 54.924 55.007 55.090 55.172 55.254 55.336 55.418 55.499 55.580 55.661 55.741 55.821 55.901 55.980 56.060 56.138 56.217 56.295 56.373 56.451 56.528 56.605 56.682
50.733 50.828 50.923 51.018 51.113 51.207 51.301 51.395 51.489 51.582 51.676 51.768 51.861 51.954 52.046 52.138 52.230 52.321 52.413 52.504 52.595 52.685 52.776 52.866 52.956 53.045 53.135 53.224 53.313 53.401 53.489 53.578 53.665 53.753 53.840 53.927 54.014 54.100 54.187 54.273 54.358 54.444 54.529 54.614 54.698 54.783 54.867 54.950 55.034 55.117 55.200 55.282 55.365 55.447 55.529 55.610 55.691 55.772 55.853 55.933 56.013 56.092 56.172 56.251 56.330 56.408 56.486 56.564 56.641 56.719 56.795
50.834 50.930 51.025 51.120 51.215 51.309 51.404 51.498 51.592 51.685 51.779 51.872 51.965 52.057 52.150 52.242 52.334 52.426 52.517 52.608 52.699 52.790 52.881 52.971 53.061 53.151 53.240 53.330 53.419 53.507 53.596 53.684 53.772 53.860 53.947 54.035 54.121 54.208 54.295 54.381 54.467 54.552 54.637 54.722 54.807 54.892 54.976 55.060 55.143 55.227 55.310 55.393 55.475 55.557 55.639 55.721 55.802 55.883 55.964 56.044 56.124 56.204 56.284 56.363 56.442 56.520 56.599 56.677 56.754 56.832 56.909
