lat.grd
DSAA
  500  400
 1  500
 1  400
  13.5   75.3
[rows 352 to 383 of 400, columns 426 to 496 of 500]
60.781 60.699 60.617 60.535 60.452 60.369 60.286 60.202 60.118 60.034 59.949 59.865 59.779 59.694 59.608 59.522 59.436 59.349 59.262 59.174 59.087 58.999 58.911 58.822 58.733 58.644 58.555 58.465 58.375 58.285 58.195 58.104 58.013 57.922 57.830 57.738 57.646 57.553 57.461 57.368 57.274 57.181 57.087 56.993 56.899 56.804 56.709 56.614 56.519 56.424 56.328 56.232 56.135 56.039 55.942 55.845 55.748 55.650 55.552 55.454 55.356 55.257 55.159 55.060 54.961 54.861 54.761 54.662 54.561 54.461 54.361
60.887 60.805 60.723 60.641 60.558 60.475 60.391 60.308 60.223 60.139 60.054 59.969 59.884 59.798 59.712 59.626 59.539 59.453 59.365 59.278 59.190 59.102 59.014 58.925 58.836 58.747 58.657 58.567 58.477 58.387 58.296 58.205 58.114 58.022 57.931 57.839 57.746 57.654 57.561 57.468 57.374 57.280 57.186 57.092 56.998 56.903 56.808 56.713 56.617 56.522 56.426 56.329 56.233 56.136 56.039 55.942 55.844 55.747 55.649 55.550 55.452 55.353 55.254 55.155 55.056 54.956 54.856 54.756 54.656 54.556 54.455
60.994 60.912 60.829 60.747 60.664 60.580 60.497 60.413 60.329 60.244 60.159 60.074 59.988 59.902 59.816 59.730 59.643 59.556 59.469 59.381 59.293 59.205 59.116 59.027 58.938 58.849 58.759 58.669 58.579 58.488 58.397 58.306 58.215 58.123 58.031 57.939 57.846 57.753 57.660 57.567 57.473 57.380 57.285 57.191 57.096 57.002 56.906 56.811 56.715 56.619 56.523 56.427 56.330 56.233 56.136 56.039 55.941 55.843 55.745 55.646 55.548 55.449 55.350 55.251 55.151 55.051 54.951 54.851 54.751 54.650 54.549
61.100 61.018 60.935 60.852 60.769 60.686 60.602 60.518 60.433 60.349 60.263 60.178 60.092 60.006 59.920 59.833 59.746 59.659 59.572 59.484 59.396 59.307 59.219 59.129 59.040 58.951 58.861 58.770 58.680 58.589 58.498 58.407 58.315 58.223 58.131 58.039 57.946 57.853 57.760 57.666 57.573 57.479 57.384 57.290 57.195 57.100 57.004 56.909 56.813 56.717 56.621 56.524 56.427 56.330 56.233 56.135 56.037 55.939 55.841 55.742 55.643 55.544 55.445 55.346 55.246 55.146 55.046 54.945 54.845 54.744 54.643
61.206 61.124 61.041 60.958 60.874 60.791 60.707 60.623 60.538 60.453 60.368 60.282 60.196 60.110 60.024 59.937 59.850 59.762 59.674 59.586 59.498 59.410 59.321 59.231 59.142 59.052 58.962 58.872 58.781 58.690 58.599 58.507 58.416 58.324 58.231 58.139 58.046 57.953 57.859 57.765 57.672 57.577 57.483 57.388 57.293 57.198 57.102 57.007 56.910 56.814 56.718 56.621 56.524 56.427 56.329 56.231 56.133 56.035 55.936 55.838 55.739 55.640 55.540 55.440 55.341 55.240 55.140 55.039 54.939 54.838 54.736
61.312 61.229 61.146 61.063 60.980 60.896 60.812 60.727 60.642 60.557 60.472 60.386 60.300 60.213 60.127 60.040 59.953 59.865 59.777 59.689 59.600 59.512 59.422 59.333 59.243 59.153 59.063 58.973 58.882 58.791 58.699 58.608 58.516 58.423 58.331 58.238 58.145 58.052 57.958 57.864 57.770 57.676 57.581 57.486 57.391 57.296 57.200 57.104 57.008 56.911 56.815 56.718 56.620 56.523 56.425 56.327 56.229 56.131 56.032 55.933 55.834 55.734 55.635 55.535 55.435 55.335 55.234 55.133 55.032 54.931 54.830
61.417 61.334 61.251 61.168 61.084 61.000 60.916 60.831 60.746 60.661 60.575 60.489 60.403 60.317 60.230 60.143 60.055 59.967 59.879 59.791 59.702 59.613 59.524 59.434 59.345 59.255 59.164 59.073 58.982 58.891 58.799 58.708 58.616 58.523 58.430 58.337 58.244 58.151 58.057 57.963 57.869 57.774 57.679 57.584 57.489 57.393 57.297 57.201 57.105 57.008 56.911 56.814 56.717 56.619 56.521 56.423 56.325 56.226 56.127 56.028 55.929 55.829 55.729 55.629 55.529 55.429 55.328 55.227 55.126 55.024 54.923
61.522 61.439 61.356 61.273 61.189 61.105 61.020 60.935 60.850 60.765 60.679 60.593 60.506 60.420 60.333 60.245 60.158 60.070 59.981 59.893 59.804 59.715 59.625 59.536 59.446 59.355 59.265 59.174 59.083 58.991 58.899 58.807 58.715 58.622 58.530 58.436 58.343 58.249 58.155 58.061 57.967 57.872 57.777 57.682 57.586 57.490 57.394 57.298 57.201 57.105 57.008 56.910 56.813 56.715 56.617 56.518 56.420 56.321 56.222 56.123 56.023 55.924 55.824 55.723 55.623 55.522 55.421 55.320 55.219 55.117 55.016
61.627 61.544 61.461 61.377 61.293 61.209 61.124 61.039 60.954 60.868 60.782 60.696 60.609 60.522 60.435 60.348 60.260 60.172 60.083 59.994 59.905 59.816 59.727 59.637 59.546 59.456 59.365 59.274 59.183 59.091 58.999 58.907 58.814 58.722 58.629 58.535 58.442 58.348 58.254 58.159 58.065 57.970 57.874 57.779 57.683 57.587 57.491 57.395 57.298 57.201 57.104 57.006 56.908 56.810 56.712 56.614 56.515 56.416 56.317 56.217 56.118 56.018 55.918 55.817 55.717 55.616 55.515 55.413 55.312 55.210 55.108
61.732 61.649 61.565 61.481 61.397 61.313 61.228 61.143 61.057 60.971 60.885 60.799 60.712 60.625 60.537 60.450 60.362 60.273 60.185 60.096 60.007 59.917 59.827 59.737 59.647 59.556 59.465 59.374 59.282 59.191 59.099 59.006 58.913 58.821 58.727 58.634 58.540 58.446 58.352 58.257 58.162 58.067 57.972 57.876 57.780 57.684 57.588 57.491 57.394 57.297 57.199 57.102 57.004 56.906 56.807 56.709 56.610 56.511 56.411 56.312 56.212 56.112 56.011 55.911 55.810 55.709 55.608 55.506 55.405 55.303 55.201
61.837 61.753 61.669 61.585 61.501 61.416 61.331 61.246 61.160 61.074 60.988 60.901 60.814 60.727 60.639 60.552 60.463 60.375 60.286 60.197 60.108 60.018 59.928 59.838 59.747 59.656 59.565 59.474 59.382 59.290 59.198 59.105 59.012 58.919 58.826 58.732 58.638 58.544 58.449 58.355 58.260 58.164 58.069 57.973 57.877 57.781 57.684 57.587 57.490 57.393 57.295 57.197 57.099 57.001 56.902 56.803 56.704 56.605 56.505 56.406 56.306 56.205 56.105 56.004 55.903 55.802 55.701 55.599 55.497 55.395 55.293
61.941 61.857 61.773 61.689 61.605 61.520 61.434 61.349 61.263 61.177 61.090 61.003 60.916 60.829 60.741 60.653 60.565 60.476 60.387 60.298 60.208 60.118 60.028 59.938 59.847 59.756 59.665 59.573 59.481 59.389 59.297 59.204 59.111 59.018 58.924 58.830 58.736 58.642 58.547 58.452 58.357 58.261 58.166 58.070 57.973 57.877 57.780 57.683 57.586 57.488 57.390 57.292 57.194 57.096 56.997 56.898 56.799 56.699 56.599 56.499 56.399 56.299 56.198 56.097 55.996 55.895 55.793 55.691 55.589 55.487 55.384
62.045 61.961 61.877 61.793 61.708 61.623 61.537 61.452 61.366 61.279 61.193 61.106 61.018 60.931 60.843 60.754 60.666 60.577 60.488 60.399 60.309 60.219 60.128 60.038 59.947 59.856 59.764 59.672 59.580 59.488 59.395 59.302 59.209 59.116 59.022 58.928 58.834 58.739 58.644 58.549 58.454 58.358 58.262 58.166 58.069 57.973 57.876 57.779 57.681 57.583 57.486 57.387 57.289 57.190 57.091 56.992 56.893 56.793 56.693 56.593 56.492 56.392 56.291 56.190 56.089 55.987 55.885 55.783 55.681 55.579 55.476
62.149 62.065 61.980 61.896 61.811 61.726 61.640 61.554 61.468 61.381 61.295 61.207 61.120 61.032 60.944 60.856 60.767 60.678 60.588 60.499 60.409 60.319 60.228 60.137 60.046 59.955 59.863 59.771 59.679 59.586 59.494 59.401 59.307 59.214 59.120 59.025 58.931 58.836 58.741 58.646 58.550 58.454 58.358 58.262 58.165 58.069 57.971 57.874 57.776 57.678 57.580 57.482 57.383 57.284 57.185 57.086 56.986 56.887 56.786 56.686 56.586 56.485 56.384 56.282 56.181 56.079 55.977 55.875 55.773 55.670 55.567
62.252 62.168 62.084 61.999 61.914 61.828 61.742 61.656 61.570 61.483 61.396 61.309 61.221 61.133 61.045 60.956 60.867 60.778 60.689 60.599 60.509 60.418 60.328 60.237 60.146 60.054 59.962 59.870 59.778 59.685 59.592 59.499 59.405 59.311 59.217 59.123 59.028 58.933 58.838 58.742 58.647 58.551 58.454 58.358 58.261 58.164 58.067 57.969 57.871 57.773 57.675 57.576 57.478 57.378 57.279 57.180 57.080 56.980 56.880 56.779 56.678 56.577 56.476 56.375 56.273 56.171 56.069 55.967 55.864 55.761 55.658
62.355 62.271 62.186 62.101 62.016 61.931 61.845 61.758 61.672 61.585 61.498 61.410 61.322 61.234 61.146 61.057 60.968 60.878 60.789 60.699 60.609 60.518 60.427 60.336 60.244 60.153 60.061 59.968 59.876 59.783 59.690 59.596 59.502 59.408 59.314 59.220 59.125 59.030 58.934 58.839 58.743 58.647 58.550 58.453 58.356 58.259 58.162 58.064 57.966 57.868 57.769 57.670 57.571 57.472 57.373 57.273 57.173 57.073 56.972 56.872 56.771 56.670 56.568 56.467 56.365 56.263 56.161 56.058 55.955 55.852 55.749
62.458 62.374 62.289 62.204 62.118 62.033 61.947 61.860 61.773 61.686 61.599 61.511 61.423 61.335 61.246 61.157 61.068 60.978 60.889 60.798 60.708 60.617 60.526 60.435 60.343 60.251 60.159 60.066 59.974 59.881 59.787 59.694 59.600 59.506 59.411 59.316 59.221 59.126 59.030 58.935 58.839 58.742 58.646 58.549 58.451 58.354 58.256 58.159 58.060 57.962 57.863 57.764 57.665 57.566 57.466 57.366 57.266 57.166 57.065 56.964 56.863 56.762 56.660 56.558 56.456 56.354 56.252 56.149 56.046 55.943 55.840
62.561 62.476 62.391 62.306 62.220 62.134 62.048 61.962 61.875 61.787 61.700 61.612 61.524 61.435 61.346 61.257 61.168 61.078 60.988 60.898 60.807 60.716 60.625 60.533 60.442 60.349 60.257 60.164 60.071 59.978 59.885 59.791 59.697 59.602 59.508 59.413 59.318 59.222 59.126 59.030 58.934 58.838 58.741 58.644 58.546 58.449 58.351 58.253 58.154 58.056 57.957 57.858 57.759 57.659 57.559 57.459 57.359 57.258 57.157 57.056 56.955 56.854 56.752 56.650 56.548 56.445 56.343 56.240 56.137 56.033 55.930
62.664 62.579 62.494 62.408 62.322 62.236 62.150 62.063 61.976 61.888 61.800 61.712 61.624 61.535 61.446 61.357 61.267 61.177 61.087 60.997 60.906 60.815 60.723 60.632 60.540 60.447 60.355 60.262 60.169 60.075 59.982 59.888 59.793 59.699 59.604 59.509 59.414 59.318 59.222 59.126 59.029 58.933 58.836 58.738 58.641 58.543 58.445 58.347 58.248 58.150 58.051 57.951 57.852 57.752 57.652 57.552 57.451 57.350 57.249 57.148 57.047 56.945 56.843 56.741 56.639 56.536 56.433 56.330 56.227 56.124 56.020
62.766 62.681 62.595 62.510 62.424 62.337 62.251 62.164 62.076 61.989 61.901 61.813 61.724 61.635 61.546 61.457 61.367 61.277 61.186 61.096 61.005 60.913 60.822 60.730 60.638 60.545 60.452 60.359 60.266 60.172 60.078 59.984 59.890 59.795 59.700 59.605 59.509 59.413 59.317 59.221 59.124 59.027 58.930 58.833 58.735 58.637 58.539 58.441 58.342 58.243 58.144 58.044 57.945 57.845 57.744 57.644 57.543 57.442 57.341 57.240 57.138 57.036 56.934 56.832 56.729 56.627 56.524 56.420 56.317 56.213 56.109
62.868 62.782 62.697 62.611 62.525 62.438 62.352 62.264 62.177 62.089 62.001 61.913 61.824 61.735 61.645 61.556 61.466 61.376 61.285 61.194 61.103 61.011 60.920 60.828 60.735 60.643 60.550 60.456 60.363 60.269 60.175 60.081 59.986 59.891 59.796 59.700 59.605 59.509 59.412 59.316 59.219 59.122 59.025 58.927 58.829 58.731 58.633 58.534 58.435 58.336 58.237 58.137 58.037 57.937 57.837 57.736 57.635 57.534 57.433 57.331 57.229 57.127 57.025 56.923 56.820 56.717 56.614 56.510 56.407 56.303 56.199
62.969 62.884 62.798 62.712 62.626 62.539 62.452 62.365 62.277 62.189 62.101 62.012 61.923 61.834 61.745 61.655 61.565 61.474 61.383 61.292 61.201 61.109 61.017 60.925 60.833 60.740 60.647 60.553 60.460 60.366 60.271 60.177 60.082 59.987 59.891 59.796 59.700 59.604 59.507 59.411 59.314 59.216 59.119 59.021 58.923 58.825 58.726 58.627 58.528 58.429 58.329 58.230 58.130 58.029 57.929 57.828 57.727 57.626 57.524 57.422 57.320 57.218 57.116 57.013 56.910 56.807 56.704 56.600 56.496 56.392 56.288
63.071 62.985 62.899 62.813 62.726 62.640 62.552 62.465 62.377 62.289 62.200 62.112 62.023 61.933 61.843 61.753 61.663 61.572 61.482 61.390 61.299 61.207 61.115 61.022 60.930 60.837 60.743 60.650 60.556 60.462 60.367 60.273 60.178 60.082 59.987 59.891 59.795 59.698 59.602 59.505 59.408 59.310 59.213 59.115 59.016 58.918 58.819 58.720 58.621 58.522 58.422 58.322 58.222 58.121 58.020 57.919 57.818 57.717 57.615 57.513 57.411 57.309 57.206 57.103 57.000 56.897 56.793 56.690 56.586 56.481 56.377
63.172 63.086 63.000 62.914 62.827 62.740 62.652 62.565 62.477 62.388 62.300 62.211 62.122 62.032 61.942 61.852 61.761 61.671 61.579 61.488 61.396 61.304 61.212 61.119 61.026 60.933 60.840 60.746 60.652 60.558 60.463 60.368 60.273 60.177 60.082 59.986 59.889 59.793 59.696 59.599 59.502 59.404 59.306 59.208 59.110 59.011 58.912 58.813 58.714 58.614 58.514 58.414 58.313 58.213 58.112 58.011 57.909 57.808 57.706 57.604 57.501 57.399 57.296 57.193 57.090 56.986 56.883 56.779 56.675 56.570 56.466
63.273 63.187 63.101 63.014 62.927 62.840 62.752 62.664 62.576 62.488 62.399 62.310 62.220 62.130 62.040 61.950 61.859 61.768 61.677 61.585 61.493 61.401 61.309 61.216 61.123 61.030 60.936 60.842 60.748 60.653 60.558 60.463 60.368 60.272 60.176 60.080 59.984 59.887 59.790 59.693 59.595 59.498 59.399 59.301 59.203 59.104 59.005 58.905 58.806 58.706 58.606 58.505 58.405 58.304 58.203 58.102 58.000 57.898 57.796 57.694 57.591 57.489 57.386 57.283 57.179 57.075 56.972 56.868 56.763 56.659 56.554
63.373 63.287 63.201 63.114 63.027 62.939 62.852 62.764 62.675 62.587 62.498 62.408 62.319 62.229 62.138 62.048 61.957 61.866 61.774 61.683 61.590 61.498 61.405 61.312 61.219 61.126 61.032 60.938 60.843 60.749 60.654 60.558 60.463 60.367 60.271 60.175 60.078 59.981 59.884 59.786 59.689 59.591 59.492 59.394 59.295 59.196 59.097 58.997 58.898 58.798 58.697 58.597 58.496 58.395 58.294 58.192 58.091 57.989 57.886 57.784 57.681 57.578 57.475 57.372 57.268 57.164 57.060 56.956 56.852 56.747 56.642
63.474 63.387 63.301 63.214 63.126 63.039 62.951 62.863 62.774 62.685 62.596 62.507 62.417 62.327 62.236 62.145 62.054 61.963 61.871 61.779 61.687 61.595 61.502 61.409 61.315 61.221 61.127 61.033 60.938 60.844 60.748 60.653 60.557 60.461 60.365 60.269 60.172 60.075 59.977 59.880 59.782 59.684 59.585 59.487 59.388 59.288 59.189 59.089 58.989 58.889 58.789 58.688 58.587 58.486 58.384 58.283 58.181 58.079 57.976 57.874 57.771 57.668 57.564 57.461 57.357 57.253 57.149 57.044 56.940 56.835 56.730
63.574 63.487 63.400 63.313 63.226 63.138 63.050 62.961 62.873 62.784 62.694 62.605 62.515 62.424 62.334 62.243 62.151 62.060 61.968 61.876 61.784 61.691 61.598 61.504 61.411 61.317 61.223 61.128 61.033 60.938 60.843 60.747 60.652 60.555 60.459 60.362 60.265 60.168 60.070 59.973 59.875 59.776 59.678 59.579 59.480 59.380 59.281 59.181 59.081 58.980 58.880 58.779 58.678 58.576 58.475 58.373 58.271 58.168 58.066 57.963 57.860 57.757 57.653 57.550 57.446 57.341 57.237 57.132 57.028 56.922 56.817
63.673 63.587 63.500 63.412 63.325 63.237 63.149 63.060 62.971 62.882 62.792 62.702 62.612 62.522 62.431 62.340 62.248 62.157 62.065 61.972 61.880 61.787 61.694 61.600 61.506 61.412 61.318 61.223 61.128 61.033 60.937 60.842 60.745 60.649 60.553 60.456 60.358 60.261 60.163 60.065 59.967 59.869 59.770 59.671 59.571 59.472 59.372 59.272 59.172 59.071 58.970 58.869 58.768 58.667 58.565 58.463 58.360 58.258 58.155 58.052 57.949 57.846 57.742 57.638 57.534 57.429 57.325 57.220 57.115 57.010 56.904
63.773 63.686 63.599 63.511 63.423 63.335 63.247 63.158 63.069 62.980 62.890 62.800 62.709 62.619 62.528 62.436 62.345 62.253 62.161 62.068 61.975 61.882 61.789 61.695 61.601 61.507 61.412 61.318 61.222 61.127 61.031 60.935 60.839 60.743 60.646 60.549 60.451 60.354 60.256 60.158 60.059 59.961 59.862 59.762 59.663 59.563 59.463 59.363 59.263 59.162 59.061 58.960 58.858 58.756 58.654 58.552 58.450 58.347 58.244 58.141 58.038 57.934 57.830 57.726 57.622 57.517 57.413 57.308 57.202 57.097 56.991
63.872 63.785 63.698 63.610 63.522 63.434 63.345 63.256 63.167 63.077 62.987 62.897 62.806 62.716 62.624 62.533 62.441 62.349 62.257 62.164 62.071 61.978 61.884 61.790 61.696 61.602 61.507 61.412 61.317 61.221 61.125 61.029 60.933 60.836 60.739 60.642 60.544 60.446 60.348 60.250 60.151 60.052 59.953 59.854 59.754 59.654 59.554 59.454 59.353 59.252 59.151 59.050 58.948 58.846 58.744 58.642 58.539 58.436 58.333 58.230 58.126 58.022 57.918 57.814 57.710 57.605 57.500 57.395 57.289 57.184 57.078
63.971 63.884 63.796 63.708 63.620 63.532 63.443 63.354 63.264 63.174 63.084 62.994 62.903 62.812 62.721 62.629 62.537 62.445 62.352 62.259 62.166 62.073 61.979 61.885 61.791 61.696 61.601 61.506 61.410 61.315 61.219 61.122 61.026 60.929 60.832 60.734 60.636 60.538 60.440 60.342 60.243 60.144 60.045 59.945 59.845 59.745 59.645 59.544 59.443 59.342 59.241 59.139 59.037 58.935 58.833 58.731 58.628 58.525 58.421 58.318 58.214 58.110 58.006 57.902 57.797 57.692 57.587 57.482 57.376 57.270 57.164
