lat.grd
DSAA
  500  400
 1  500
 1  400
  13.5   75.3
[rows 128 to 159 of 400, columns 213 to 283 of 500]
37.831 37.841 37.852 37.862 37.872 37.882 37.892 37.901 37.909 37.918 37.926 37.934 37.942 37.949 37.956 37.963 37.969 37.975 37.981 37.986 37.991 37.996 38.001 38.005 38.009 38.013 38.016 38.019 38.022 38.024 38.026 38.028 38.030 38.031 38.032 38.033 38.033 38.033 38.033 38.032 38.031 38.030 38.028 38.026 38.024 38.022 38.019 38.016 38.013 38.009 38.005 38.001 37.996 37.991 37.986 37.981 37.975 37.969 37.963 37.956 37.949 37.942 37.934 37.926 37.918 37.909 37.901 37.892 37.882 37.872 37.862
37.969 37.980 37.990 38.001 38.011 38.020 38.030 38.039 38.048 38.056 38.064 38.072 38.080 38.087 38.094 38.101 38.107 38.113 38.119 38.125 38.130 38.135 38.139 38.144 38.148 38.151 38.155 38.158 38.160 38.163 38.165 38.167 38.168 38.170 38.170 38.171 38.171 38.171 38.171 38.170 38.170 38.168 38.167 38.165 38.163 38.160 38.158 38.155 38.151 38.148 38.144 38.139 38.135 38.130 38.125 38.119 38.113 38.107 38.101 38.094 38.087 38.080 38.072 38.064 38.056 38.048 38.039 38.030 38.020 38.011 38.001
38.107 38.118 38.128 38.139 38.149 38.159 38.168 38.177 38.186 38.195 38.203 38.211 38.218 38.226 38.233 38.239 38.246 38.252 38.258 38.263 38.268 38.273 38.278 38.282 38.286 38.290 38.293 38.296 38.299 38.301 38.304 38.305 38.307 38.308 38.309 38.310 38.310 38.310 38.310 38.309 38.308 38.307 38.305 38.304 38.301 38.299 38.296 38.293 38.290 38.286 38.282 38.278 38.273 38.268 38.263 38.258 38.252 38.246 38.239 38.233 38.226 38.218 38.211 38.203 38.195 38.186 38.177 38.168 38.159 38.149 38.139
38.245 38.256 38.267 38.277 38.287 38.297 38.306 38.315 38.324 38.333 38.341 38.349 38.357 38.364 38.371 38.378 38.384 38.390 38.396 38.402 38.407 38.412 38.416 38.421 38.425 38.428 38.432 38.435 38.438 38.440 38.442 38.444 38.446 38.447 38.448 38.448 38.449 38.449 38.448 38.448 38.447 38.446 38.444 38.442 38.440 38.438 38.435 38.432 38.428 38.425 38.421 38.416 38.412 38.407 38.402 38.396 38.390 38.384 38.378 38.371 38.364 38.357 38.349 38.341 38.333 38.324 38.315 38.306 38.297 38.287 38.277
38.383 38.394 38.405 38.415 38.425 38.435 38.445 38.454 38.463 38.471 38.480 38.487 38.495 38.503 38.510 38.516 38.523 38.529 38.535 38.540 38.546 38.550 38.555 38.559 38.563 38.567 38.570 38.573 38.576 38.579 38.581 38.583 38.584 38.585 38.586 38.587 38.587 38.587 38.587 38.586 38.585 38.584 38.583 38.581 38.579 38.576 38.573 38.570 38.567 38.563 38.559 38.555 38.550 38.546 38.540 38.535 38.529 38.523 38.516 38.510 38.503 38.495 38.487 38.480 38.471 38.463 38.454 38.445 38.435 38.425 38.415
38.521 38.532 38.543 38.553 38.564 38.573 38.583 38.592 38.601 38.610 38.618 38.626 38.634 38.641 38.648 38.655 38.661 38.667 38.673 38.679 38.684 38.689 38.694 38.698 38.702 38.706 38.709 38.712 38.715 38.717 38.720 38.721 38.723 38.724 38.725 38.726 38.726 38.726 38.726 38.725 38.724 38.723 38.721 38.720 38.717 38.715 38.712 38.709 38.706 38.702 38.698 38.694 38.689 38.684 38.679 38.673 38.667 38.661 38.655 38.648 38.641 38.634 38.626 38.618 38.610 38.601 38.592 38.583 38.573 38.564 38.553
38.659 38.670 38.681 38.692 38.702 38.712 38.721 38.731 38.739 38.748 38.756 38.764 38.772 38.780 38.787 38.793 38.800 38.806 38.812 38.818 38.823 38.828 38.832 38.837 38.841 38.844 38.848 38.851 38.854 38.856 38.858 38.860 38.862 38.863 38.864 38.864 38.865 38.865 38.864 38.864 38.863 38.862 38.860 38.858 38.856 38.854 38.851 38.848 38.844 38.841 38.837 38.832 38.828 38.823 38.818 38.812 38.806 38.800 38.793 38.787 38.780 38.772 38.764 38.756 38.748 38.739 38.731 38.721 38.712 38.702 38.692
38.798 38.809 38.820 38.830 38.840 38.850 38.860 38.869 38.878 38.887 38.895 38.903 38.911 38.918 38.925 38.932 38.939 38.945 38.951 38.956 38.961 38.966 38.971 38.975 38.979 38.983 38.986 38.990 38.992 38.995 38.997 38.999 39.000 39.002 39.003 39.003 39.004 39.004 39.003 39.003 39.002 39.000 38.999 38.997 38.995 38.992 38.990 38.986 38.983 38.979 38.975 38.971 38.966 38.961 38.956 38.951 38.945 38.939 38.932 38.925 38.918 38.911 38.903 38.895 38.887 38.878 38.869 38.860 38.850 38.840 38.830
38.936 38.947 38.958 38.968 38.979 38.989 38.998 39.007 39.016 39.025 39.033 39.042 39.049 39.057 39.064 39.071 39.077 39.083 39.089 39.095 39.100 39.105 39.110 39.114 39.118 39.122 39.125 39.128 39.131 39.134 39.136 39.138 39.139 39.140 39.141 39.142 39.142 39.142 39.142 39.141 39.140 39.139 39.138 39.136 39.134 39.131 39.128 39.125 39.122 39.118 39.114 39.110 39.105 39.100 39.095 39.089 39.083 39.077 39.071 39.064 39.057 39.049 39.042 39.033 39.025 39.016 39.007 38.998 38.989 38.979 38.968
39.074 39.086 39.096 39.107 39.117 39.127 39.137 39.146 39.155 39.164 39.172 39.180 39.188 39.195 39.203 39.209 39.216 39.222 39.228 39.234 39.239 39.244 39.249 39.253 39.257 39.261 39.264 39.267 39.270 39.272 39.275 39.277 39.278 39.279 39.280 39.281 39.281 39.281 39.281 39.280 39.279 39.278 39.277 39.275 39.272 39.270 39.267 39.264 39.261 39.257 39.253 39.249 39.244 39.239 39.234 39.228 39.222 39.216 39.209 39.203 39.195 39.188 39.180 39.172 39.164 39.155 39.146 39.137 39.127 39.117 39.107
39.213 39.224 39.235 39.245 39.256 39.266 39.275 39.285 39.294 39.302 39.311 39.319 39.327 39.334 39.341 39.348 39.355 39.361 39.367 39.372 39.378 39.383 39.387 39.392 39.396 39.400 39.403 39.406 39.409 39.411 39.414 39.415 39.417 39.418 39.419 39.420 39.420 39.420 39.420 39.419 39.418 39.417 39.415 39.414 39.411 39.409 39.406 39.403 39.400 39.396 39.392 39.387 39.383 39.378 39.372 39.367 39.361 39.355 39.348 39.341 39.334 39.327 39.319 39.311 39.302 39.294 39.285 39.275 39.266 39.256 39.245
39.351 39.362 39.373 39.384 39.394 39.404 39.414 39.423 39.432 39.441 39.449 39.457 39.465 39.473 39.480 39.487 39.493 39.500 39.506 39.511 39.517 39.522 39.526 39.531 39.535 39.538 39.542 39.545 39.548 39.550 39.552 39.554 39.556 39.557 39.558 39.559 39.559 39.559 39.559 39.558 39.557 39.556 39.554 39.552 39.550 39.548 39.545 39.542 39.538 39.535 39.531 39.526 39.522 39.517 39.511 39.506 39.500 39.493 39.487 39.480 39.473 39.465 39.457 39.449 39.441 39.432 39.423 39.414 39.404 39.394 39.384
39.490 39.501 39.512 39.522 39.533 39.543 39.552 39.562 39.571 39.580 39.588 39.596 39.604 39.612 39.619 39.626 39.632 39.638 39.644 39.650 39.655 39.660 39.665 39.669 39.674 39.677 39.681 39.684 39.687 39.689 39.691 39.693 39.695 39.696 39.697 39.698 39.698 39.698 39.698 39.697 39.696 39.695 39.693 39.691 39.689 39.687 39.684 39.681 39.677 39.674 39.669 39.665 39.660 39.655 39.650 39.644 39.638 39.632 39.626 39.619 39.612 39.604 39.596 39.588 39.580 39.571 39.562 39.552 39.543 39.533 39.522
39.628 39.639 39.650 39.661 39.671 39.681 39.691 39.700 39.710 39.718 39.727 39.735 39.743 39.750 39.758 39.764 39.771 39.777 39.783 39.789 39.794 39.799 39.804 39.808 39.812 39.816 39.820 39.823 39.826 39.828 39.830 39.832 39.834 39.835 39.836 39.837 39.837 39.837 39.837 39.836 39.835 39.834 39.832 39.830 39.828 39.826 39.823 39.820 39.816 39.812 39.808 39.804 39.799 39.794 39.789 39.783 39.777 39.771 39.764 39.758 39.750 39.743 39.735 39.727 39.718 39.710 39.700 39.691 39.681 39.671 39.661
39.767 39.778 39.789 39.800 39.810 39.820 39.830 39.839 39.848 39.857 39.866 39.874 39.882 39.889 39.896 39.903 39.910 39.916 39.922 39.928 39.933 39.938 39.943 39.947 39.951 39.955 39.959 39.962 39.965 39.967 39.969 39.971 39.973 39.974 39.975 39.976 39.976 39.976 39.976 39.975 39.974 39.973 39.971 39.969 39.967 39.965 39.962 39.959 39.955 39.951 39.947 39.943 39.938 39.933 39.928 39.922 39.916 39.910 39.903 39.896 39.889 39.882 39.874 39.866 39.857 39.848 39.839 39.830 39.820 39.810 39.800
39.905 39.916 39.927 39.938 39.949 39.959 39.968 39.978 39.987 39.996 40.004 40.013 40.020 40.028 40.035 40.042 40.049 40.055 40.061 40.067 40.072 40.077 40.082 40.086 40.090 40.094 40.098 40.101 40.104 40.106 40.108 40.110 40.112 40.113 40.114 40.115 40.115 40.115 40.115 40.114 40.113 40.112 40.110 40.108 40.106 40.104 40.101 40.098 40.094 40.090 40.086 40.082 40.077 40.072 40.067 40.061 40.055 40.049 40.042 40.035 40.028 40.020 40.013 40.004 39.996 39.987 39.978 39.968 39.959 39.949 39.938
40.044 40.055 40.066 40.077 40.087 40.097 40.107 40.117 40.126 40.135 40.143 40.151 40.159 40.167 40.174 40.181 40.188 40.194 40.200 40.206 40.211 40.216 40.221 40.225 40.229 40.233 40.237 40.240 40.243 40.245 40.248 40.249 40.251 40.252 40.253 40.254 40.254 40.254 40.254 40.253 40.252 40.251 40.249 40.248 40.245 40.243 40.240 40.237 40.233 40.229 40.225 40.221 40.216 40.211 40.206 40.200 40.194 40.188 40.181 40.174 40.167 40.159 40.151 40.143 40.135 40.126 40.117 40.107 40.097 40.087 40.077
40.182 40.194 40.205 40.215 40.226 40.236 40.246 40.255 40.265 40.273 40.282 40.290 40.298 40.306 40.313 40.320 40.327 40.333 40.339 40.345 40.350 40.355 40.360 40.364 40.369 40.372 40.376 40.379 40.382 40.384 40.387 40.389 40.390 40.391 40.392 40.393 40.393 40.393 40.393 40.392 40.391 40.390 40.389 40.387 40.384 40.382 40.379 40.376 40.372 40.369 40.364 40.360 40.355 40.350 40.345 40.339 40.333 40.327 40.320 40.313 40.306 40.298 40.290 40.282 40.273 40.265 40.255 40.246 40.236 40.226 40.215
40.321 40.332 40.343 40.354 40.365 40.375 40.385 40.394 40.403 40.412 40.421 40.429 40.437 40.445 40.452 40.459 40.466 40.472 40.478 40.484 40.489 40.494 40.499 40.503 40.508 40.511 40.515 40.518 40.521 40.524 40.526 40.528 40.529 40.531 40.532 40.532 40.532 40.532 40.532 40.532 40.531 40.529 40.528 40.526 40.524 40.521 40.518 40.515 40.511 40.508 40.503 40.499 40.494 40.489 40.484 40.478 40.472 40.466 40.459 40.452 40.445 40.437 40.429 40.421 40.412 40.403 40.394 40.385 40.375 40.365 40.354
40.460 40.471 40.482 40.493 40.503 40.514 40.523 40.533 40.542 40.551 40.560 40.568 40.576 40.584 40.591 40.598 40.605 40.611 40.617 40.623 40.628 40.633 40.638 40.643 40.647 40.651 40.654 40.657 40.660 40.663 40.665 40.667 40.668 40.670 40.671 40.671 40.672 40.672 40.671 40.671 40.670 40.668 40.667 40.665 40.663 40.660 40.657 40.654 40.651 40.647 40.643 40.638 40.633 40.628 40.623 40.617 40.611 40.605 40.598 40.591 40.584 40.576 40.568 40.560 40.551 40.542 40.533 40.523 40.514 40.503 40.493
40.598 40.610 40.621 40.632 40.642 40.652 40.662 40.672 40.681 40.690 40.699 40.707 40.715 40.723 40.730 40.737 40.744 40.750 40.756 40.762 40.767 40.772 40.777 40.782 40.786 40.790 40.793 40.796 40.799 40.802 40.804 40.806 40.808 40.809 40.810 40.811 40.811 40.811 40.811 40.810 40.809 40.808 40.806 40.804 40.802 40.799 40.796 40.793 40.790 40.786 40.782 40.777 40.772 40.767 40.762 40.756 40.750 40.744 40.737 40.730 40.723 40.715 40.707 40.699 40.690 40.681 40.672 40.662 40.652 40.642 40.632
40.737 40.748 40.760 40.770 40.781 40.791 40.801 40.811 40.820 40.829 40.838 40.846 40.854 40.862 40.869 40.876 40.883 40.889 40.895 40.901 40.907 40.912 40.916 40.921 40.925 40.929 40.932 40.936 40.939 40.941 40.943 40.945 40.947 40.948 40.949 40.950 40.950 40.950 40.950 40.949 40.948 40.947 40.945 40.943 40.941 40.939 40.936 40.932 40.929 40.925 40.921 40.916 40.912 40.907 40.901 40.895 40.889 40.883 40.876 40.869 40.862 40.854 40.846 40.838 40.829 40.820 40.811 40.801 40.791 40.781 40.770
40.876 40.887 40.898 40.909 40.920 40.930 40.940 40.950 40.959 40.968 40.977 40.985 40.993 41.001 41.008 41.015 41.022 41.028 41.034 41.040 41.046 41.051 41.056 41.060 41.064 41.068 41.072 41.075 41.078 41.080 41.083 41.085 41.086 41.087 41.088 41.089 41.089 41.089 41.089 41.088 41.087 41.086 41.085 41.083 41.080 41.078 41.075 41.072 41.068 41.064 41.060 41.056 41.051 41.046 41.040 41.034 41.028 41.022 41.015 41.008 41.001 40.993 40.985 40.977 40.968 40.959 40.950 40.940 40.930 40.920 40.909
41.014 41.026 41.037 41.048 41.059 41.069 41.079 41.089 41.098 41.107 41.116 41.124 41.132 41.140 41.147 41.154 41.161 41.167 41.174 41.179 41.185 41.190 41.195 41.199 41.204 41.207 41.211 41.214 41.217 41.220 41.222 41.224 41.225 41.227 41.228 41.228 41.229 41.229 41.228 41.228 41.227 41.225 41.224 41.222 41.220 41.217 41.214 41.211 41.207 41.204 41.199 41.195 41.190 41.185 41.179 41.174 41.167 41.161 41.154 41.147 41.140 41.132 41.124 41.116 41.107 41.098 41.089 41.079 41.069 41.059 41.048
41.153 41.165 41.176 41.187 41.198 41.208 41.218 41.228 41.237 41.246 41.255 41.263 41.271 41.279 41.286 41.293 41.300 41.307 41.313 41.319 41.324 41.329 41.334 41.339 41.343 41.347 41.350 41.353 41.356 41.359 41.361 41.363 41.365 41.366 41.367 41.368 41.368 41.368 41.368 41.367 41.366 41.365 41.363 41.361 41.359 41.356 41.353 41.350 41.347 41.343 41.339 41.334 41.329 41.324 41.319 41.313 41.307 41.300 41.293 41.286 41.279 41.271 41.263 41.255 41.246 41.237 41.228 41.218 41.208 41.198 41.187
41.292 41.304 41.315 41.326 41.337 41.347 41.357 41.367 41.376 41.385 41.394 41.402 41.410 41.418 41.425 41.433 41.439 41.446 41.452 41.458 41.463 41.468 41.473 41.478 41.482 41.486 41.490 41.493 41.496 41.498 41.501 41.502 41.504 41.505 41.506 41.507 41.507 41.507 41.507 41.506 41.505 41.504 41.502 41.501 41.498 41.496 41.493 41.490 41.486 41.482 41.478 41.473 41.468 41.463 41.458 41.452 41.446 41.439 41.433 41.425 41.418 41.410 41.402 41.394 41.385 41.376 41.367 41.357 41.347 41.337 41.326
41.431 41.443 41.454 41.465 41.476 41.486 41.496 41.506 41.515 41.524 41.533 41.541 41.549 41.557 41.565 41.572 41.579 41.585 41.591 41.597 41.603 41.608 41.613 41.617 41.621 41.625 41.629 41.632 41.635 41.638 41.640 41.642 41.643 41.645 41.646 41.646 41.647 41.647 41.646 41.646 41.645 41.643 41.642 41.640 41.638 41.635 41.632 41.629 41.625 41.621 41.617 41.613 41.608 41.603 41.597 41.591 41.585 41.579 41.572 41.565 41.557 41.549 41.541 41.533 41.524 41.515 41.506 41.496 41.486 41.476 41.465
41.570 41.581 41.593 41.604 41.614 41.625 41.635 41.645 41.654 41.663 41.672 41.680 41.689 41.696 41.704 41.711 41.718 41.724 41.730 41.736 41.742 41.747 41.752 41.756 41.761 41.765 41.768 41.771 41.774 41.777 41.779 41.781 41.783 41.784 41.785 41.786 41.786 41.786 41.786 41.785 41.784 41.783 41.781 41.779 41.777 41.774 41.771 41.768 41.765 41.761 41.756 41.752 41.747 41.742 41.736 41.730 41.724 41.718 41.711 41.704 41.696 41.689 41.680 41.672 41.663 41.654 41.645 41.635 41.625 41.614 41.604
41.709 41.720 41.732 41.743 41.753 41.764 41.774 41.784 41.793 41.802 41.811 41.820 41.828 41.835 41.843 41.850 41.857 41.864 41.870 41.876 41.881 41.886 41.891 41.896 41.900 41.904 41.908 41.911 41.914 41.916 41.919 41.921 41.922 41.924 41.925 41.925 41.925 41.925 41.925 41.925 41.924 41.922 41.921 41.919 41.916 41.914 41.911 41.908 41.904 41.900 41.896 41.891 41.886 41.881 41.876 41.870 41.864 41.857 41.850 41.843 41.835 41.828 41.820 41.811 41.802 41.793 41.784 41.774 41.764 41.753 41.743
41.847 41.859 41.871 41.882 41.892 41.903 41.913 41.923 41.932 41.941 41.950 41.959 41.967 41.975 41.982 41.989 41.996 42.003 42.009 42.015 42.020 42.026 42.031 42.035 42.039 42.043 42.047 42.050 42.053 42.056 42.058 42.060 42.062 42.063 42.064 42.065 42.065 42.065 42.065 42.064 42.063 42.062 42.060 42.058 42.056 42.053 42.050 42.047 42.043 42.039 42.035 42.031 42.026 42.020 42.015 42.009 42.003 41.996 41.989 41.982 41.975 41.967 41.959 41.950 41.941 41.932 41.923 41.913 41.903 41.892 41.882
41.986 41.998 42.010 42.021 42.031 42.042 42.052 42.062 42.071 42.081 42.089 42.098 42.106 42.114 42.121 42.129 42.136 42.142 42.148 42.154 42.160 42.165 42.170 42.175 42.179 42.183 42.186 42.190 42.193 42.195 42.197 42.199 42.201 42.202 42.203 42.204 42.204 42.204 42.204 42.203 42.202 42.201 42.199 42.197 42.195 42.193 42.190 42.186 42.183 42.179 42.175 42.170 42.165 42.160 42.154 42.148 42.142 42.136 42.129 42.121 42.114 42.106 42.098 42.089 42.081 42.071 42.062 42.052 42.042 42.031 42.021
42.125 42.137 42.149 42.160 42.171 42.181 42.191 42.201 42.211 42.220 42.229 42.237 42.245 42.253 42.261 42.268 42.275 42.281 42.288 42.294 42.299 42.304 42.309 42.314 42.318 42.322 42.326 42.329 42.332 42.335 42.337 42.339 42.341 42.342 42.343 42.344 42.344 42.344 42.344 42.343 42.342 42.341 42.339 42.337 42.335 42.332 42.329 42.326 42.322 42.318 42.314 42.309 42.304 42.299 42.294 42.288 42.281 42.275 42.268 42.261 42.253 42.245 42.237 42.229 42.220 42.211 42.201 42.191 42.181 42.171 42.160
