lon.grd
DSAA
  500  400
 1  500
 1  400
-181.0  181.0
[rows 180 to 209 of 400, columns 134 to 200 of 500]
112.666 112.849 113.033 113.217 113.402 113.586 113.771 113.956 114.141 114.327 114.512 114.698 114.885 115.071 115.258 115.444 115.631 115.819 116.006 116.194 116.382 116.570 116.758 116.947 117.135 117.324 117.513 117.703 117.892 118.082 118.272 118.462 118.652 118.843 119.034 119.224 119.415 119.607 119.798 119.990 120.181 120.373 120.565 120.758 120.950 121.143 121.335 121.528 121.721 121.914 122.108 122.301 122.495 122.689 122.883 123.077 123.271 123.465 123.660 123.855 124.049 124.244 124.439 124.635 124.830 125.025 125.221
112.613 112.797 112.981 113.166 113.350 113.535 113.721 113.906 114.092 114.278 114.464 114.650 114.837 115.023 115.210 115.398 115.585 115.773 115.961 116.149 116.337 116.526 116.714 116.903 117.092 117.282 117.471 117.661 117.851 118.041 118.232 118.422 118.613 118.804 118.995 119.186 119.378 119.569 119.761 119.953 120.145 120.338 120.530 120.723 120.916 121.109 121.302 121.495 121.689 121.882 122.076 122.270 122.464 122.659 122.853 123.048 123.242 123.437 123.632 123.827 124.023 124.218 124.413 124.609 124.805 125.001 125.197
112.560 112.745 112.929 113.114 113.299 113.484 113.670 113.856 114.042 114.228 114.415 114.602 114.789 114.976 115.163 115.351 115.539 115.727 115.915 116.104 116.292 116.481 116.670 116.860 117.049 117.239 117.429 117.619 117.810 118.000 118.191 118.382 118.573 118.764 118.956 119.148 119.340 119.532 119.724 119.916 120.109 120.302 120.495 120.688 120.881 121.075 121.268 121.462 121.656 121.850 122.045 122.239 122.434 122.628 122.823 123.018 123.213 123.409 123.604 123.800 123.996 124.191 124.387 124.584 124.780 124.976 125.173
112.507 112.692 112.877 113.062 113.248 113.433 113.619 113.806 113.992 114.179 114.366 114.553 114.740 114.928 115.116 115.304 115.492 115.680 115.869 116.058 116.247 116.437 116.626 116.816 117.006 117.196 117.387 117.577 117.768 117.959 118.150 118.342 118.533 118.725 118.917 119.109 119.302 119.494 119.687 119.880 120.073 120.266 120.459 120.653 120.847 121.041 121.235 121.429 121.624 121.818 122.013 122.208 122.403 122.598 122.793 122.989 123.184 123.380 123.576 123.772 123.968 124.165 124.361 124.558 124.755 124.951 125.148
112.454 112.639 112.824 113.010 113.196 113.382 113.568 113.755 113.942 114.129 114.316 114.504 114.692 114.880 115.068 115.256 115.445 115.634 115.823 116.012 116.202 116.392 116.582 116.772 116.962 117.153 117.344 117.535 117.726 117.918 118.109 118.301 118.493 118.685 118.878 119.070 119.263 119.456 119.649 119.843 120.036 120.230 120.424 120.618 120.812 121.006 121.201 121.396 121.591 121.786 121.981 122.176 122.372 122.567 122.763 122.959 123.155 123.352 123.548 123.744 123.941 124.138 124.335 124.532 124.729 124.926 125.124
112.400 112.585 112.771 112.957 113.144 113.330 113.517 113.704 113.891 114.079 114.267 114.455 114.643 114.831 115.020 115.209 115.398 115.587 115.777 115.967 116.157 116.347 116.537 116.728 116.919 117.110 117.301 117.492 117.684 117.876 118.068 118.260 118.453 118.646 118.838 119.031 119.225 119.418 119.612 119.806 120.000 120.194 120.388 120.583 120.777 120.972 121.167 121.362 121.558 121.753 121.949 122.145 122.341 122.537 122.733 122.929 123.126 123.323 123.520 123.717 123.914 124.111 124.308 124.506 124.704 124.901 125.099
112.346 112.532 112.718 112.905 113.091 113.278 113.465 113.653 113.841 114.029 114.217 114.405 114.594 114.783 114.972 115.161 115.350 115.540 115.730 115.920 116.111 116.301 116.492 116.683 116.875 117.066 117.258 117.450 117.642 117.834 118.027 118.219 118.412 118.606 118.799 118.992 119.186 119.380 119.574 119.768 119.963 120.157 120.352 120.547 120.742 120.937 121.133 121.329 121.524 121.720 121.917 122.113 122.309 122.506 122.703 122.899 123.097 123.294 123.491 123.689 123.886 124.084 124.282 124.480 124.678 124.876 125.075
112.292 112.478 112.665 112.852 113.039 113.226 113.414 113.602 113.790 113.978 114.167 114.355 114.544 114.734 114.923 115.113 115.303 115.493 115.683 115.874 116.065 116.256 116.447 116.639 116.831 117.022 117.215 117.407 117.599 117.792 117.985 118.178 118.372 118.565 118.759 118.953 119.147 119.341 119.536 119.731 119.926 120.121 120.316 120.511 120.707 120.903 121.099 121.295 121.491 121.687 121.884 122.081 122.278 122.475 122.672 122.869 123.067 123.265 123.462 123.660 123.858 124.057 124.255 124.454 124.652 124.851 125.050
112.237 112.424 112.611 112.798 112.986 113.174 113.362 113.550 113.738 113.927 114.116 114.305 114.495 114.685 114.874 115.065 115.255 115.446 115.636 115.828 116.019 116.210 116.402 116.594 116.786 116.978 117.171 117.364 117.557 117.750 117.943 118.137 118.331 118.525 118.719 118.914 119.108 119.303 119.498 119.693 119.888 120.084 120.280 120.475 120.672 120.868 121.064 121.261 121.457 121.654 121.851 122.049 122.246 122.444 122.641 122.839 123.037 123.235 123.434 123.632 123.831 124.029 124.228 124.427 124.626 124.826 125.025
112.183 112.370 112.557 112.745 112.933 113.121 113.310 113.498 113.687 113.876 114.066 114.255 114.445 114.635 114.826 115.016 115.207 115.398 115.589 115.781 115.972 116.164 116.357 116.549 116.741 116.934 117.127 117.321 117.514 117.708 117.901 118.096 118.290 118.484 118.679 118.874 119.069 119.264 119.460 119.655 119.851 120.047 120.243 120.439 120.636 120.833 121.030 121.227 121.424 121.621 121.819 122.016 122.214 122.412 122.611 122.809 123.007 123.206 123.405 123.604 123.803 124.002 124.201 124.401 124.600 124.800 125.000
112.128 112.315 112.503 112.691 112.880 113.068 113.257 113.446 113.635 113.825 114.015 114.205 114.395 114.586 114.776 114.967 115.159 115.350 115.542 115.734 115.926 116.118 116.311 116.504 116.697 116.890 117.083 117.277 117.471 117.665 117.859 118.054 118.249 118.443 118.639 118.834 119.029 119.225 119.421 119.617 119.813 120.010 120.206 120.403 120.600 120.797 120.995 121.192 121.390 121.588 121.786 121.984 122.182 122.381 122.579 122.778 122.977 123.176 123.376 123.575 123.775 123.974 124.174 124.374 124.574 124.774 124.975
112.073 112.261 112.449 112.637 112.826 113.015 113.204 113.394 113.583 113.773 113.964 114.154 114.345 114.536 114.727 114.918 115.110 115.302 115.494 115.686 115.879 116.072 116.265 116.458 116.652 116.845 117.039 117.233 117.428 117.622 117.817 118.012 118.207 118.402 118.598 118.794 118.990 119.186 119.382 119.579 119.776 119.972 120.170 120.367 120.564 120.762 120.960 121.158 121.356 121.554 121.753 121.951 122.150 122.349 122.548 122.748 122.947 123.147 123.346 123.546 123.746 123.947 124.147 124.347 124.548 124.749 124.949
112.017 112.206 112.394 112.583 112.772 112.962 113.151 113.341 113.531 113.722 113.912 114.103 114.294 114.486 114.677 114.869 115.061 115.254 115.446 115.639 115.832 116.025 116.219 116.412 116.606 116.801 116.995 117.189 117.384 117.579 117.774 117.970 118.165 118.361 118.557 118.754 118.950 119.147 119.343 119.540 119.738 119.935 120.133 120.330 120.528 120.726 120.925 121.123 121.322 121.521 121.719 121.919 122.118 122.317 122.517 122.717 122.917 123.117 123.317 123.517 123.718 123.919 124.119 124.320 124.521 124.723 124.924
111.962 112.150 112.339 112.529 112.718 112.908 113.098 113.288 113.479 113.670 113.861 114.052 114.244 114.436 114.628 114.820 115.012 115.205 115.398 115.591 115.785 115.978 116.172 116.367 116.561 116.755 116.950 117.145 117.341 117.536 117.732 117.927 118.124 118.320 118.516 118.713 118.910 119.107 119.304 119.502 119.699 119.897 120.095 120.294 120.492 120.691 120.889 121.088 121.287 121.487 121.686 121.886 122.086 122.285 122.486 122.686 122.886 123.087 123.288 123.488 123.689 123.891 124.092 124.293 124.495 124.697 124.898
111.906 112.095 112.284 112.474 112.664 112.854 113.045 113.235 113.426 113.618 113.809 114.001 114.193 114.385 114.577 114.770 114.963 115.156 115.350 115.543 115.737 115.931 116.126 116.320 116.515 116.710 116.905 117.101 117.297 117.493 117.689 117.885 118.081 118.278 118.475 118.672 118.870 119.067 119.265 119.463 119.661 119.859 120.058 120.257 120.456 120.655 120.854 121.053 121.253 121.453 121.653 121.853 122.053 122.253 122.454 122.655 122.856 123.057 123.258 123.459 123.661 123.862 124.064 124.266 124.468 124.671 124.873
111.849 112.039 112.229 112.419 112.609 112.800 112.991 113.182 113.373 113.565 113.757 113.949 114.142 114.334 114.527 114.720 114.914 115.107 115.301 115.495 115.690 115.884 116.079 116.274 116.469 116.665 116.860 117.056 117.253 117.449 117.645 117.842 118.039 118.236 118.434 118.631 118.829 119.027 119.225 119.424 119.623 119.821 120.020 120.219 120.419 120.618 120.818 121.018 121.218 121.418 121.619 121.819 122.020 122.221 122.422 122.623 122.825 123.026 123.228 123.430 123.632 123.834 124.036 124.239 124.441 124.644 124.847
111.793 111.983 112.173 112.364 112.554 112.746 112.937 113.128 113.320 113.512 113.705 113.897 114.090 114.283 114.477 114.670 114.864 115.058 115.252 115.447 115.642 115.837 116.032 116.227 116.423 116.619 116.815 117.012 117.208 117.405 117.602 117.799 117.997 118.194 118.392 118.590 118.789 118.987 119.186 119.385 119.584 119.783 119.983 120.182 120.382 120.582 120.782 120.983 121.183 121.384 121.585 121.786 121.987 122.189 122.390 122.592 122.794 122.996 123.198 123.401 123.603 123.806 124.008 124.211 124.415 124.618 124.821
111.736 111.927 112.117 112.308 112.499 112.691 112.883 113.075 113.267 113.459 113.652 113.845 114.038 114.232 114.426 114.620 114.814 115.009 115.203 115.398 115.593 115.789 115.985 116.181 116.377 116.573 116.770 116.967 117.164 117.361 117.558 117.756 117.954 118.152 118.350 118.549 118.748 118.947 119.146 119.345 119.545 119.745 119.945 120.145 120.345 120.546 120.746 120.947 121.148 121.349 121.551 121.752 121.954 122.156 122.358 122.560 122.763 122.965 123.168 123.371 123.574 123.777 123.980 124.184 124.387 124.591 124.795
111.679 111.870 112.061 112.252 112.444 112.636 112.828 113.021 113.213 113.406 113.599 113.793 113.986 114.180 114.375 114.569 114.764 114.959 115.154 115.349 115.545 115.741 115.937 116.133 116.330 116.527 116.724 116.921 117.119 117.317 117.515 117.713 117.911 118.110 118.309 118.508 118.707 118.906 119.106 119.306 119.506 119.706 119.906 120.107 120.308 120.509 120.710 120.911 121.113 121.315 121.517 121.719 121.921 122.123 122.326 122.529 122.731 122.935 123.138 123.341 123.545 123.748 123.952 124.156 124.360 124.564 124.769
111.622 111.813 112.005 112.196 112.388 112.581 112.773 112.966 113.159 113.353 113.546 113.740 113.934 114.129 114.323 114.518 114.713 114.909 115.104 115.300 115.496 115.693 115.889 116.086 116.283 116.481 116.678 116.876 117.074 117.272 117.470 117.669 117.868 118.067 118.266 118.466 118.666 118.865 119.066 119.266 119.466 119.667 119.868 120.069 120.270 120.472 120.674 120.875 121.078 121.280 121.482 121.685 121.887 122.090 122.293 122.497 122.700 122.904 123.107 123.311 123.515 123.719 123.924 124.128 124.333 124.538 124.742
111.564 111.756 111.948 112.140 112.332 112.525 112.718 112.911 113.105 113.299 113.493 113.687 113.882 114.077 114.272 114.467 114.663 114.859 115.055 115.251 115.448 115.644 115.841 116.039 116.236 116.434 116.632 116.830 117.029 117.227 117.426 117.625 117.825 118.024 118.224 118.424 118.624 118.825 119.025 119.226 119.427 119.628 119.830 120.031 120.233 120.435 120.637 120.839 121.042 121.245 121.448 121.651 121.854 122.057 122.261 122.465 122.668 122.873 123.077 123.281 123.486 123.690 123.895 124.100 124.305 124.511 124.716
111.506 111.698 111.891 112.083 112.276 112.469 112.663 112.857 113.051 113.245 113.439 113.634 113.829 114.024 114.220 114.416 114.612 114.808 115.005 115.201 115.398 115.596 115.793 115.991 116.189 116.387 116.586 116.784 116.983 117.182 117.382 117.581 117.781 117.981 118.181 118.382 118.582 118.783 118.984 119.186 119.387 119.589 119.791 119.993 120.195 120.398 120.600 120.803 121.006 121.209 121.413 121.616 121.820 122.024 122.228 122.432 122.637 122.841 123.046 123.251 123.456 123.661 123.867 124.072 124.278 124.483 124.689
111.448 111.641 111.834 112.027 112.220 112.413 112.607 112.801 112.996 113.191 113.385 113.581 113.776 113.972 114.168 114.364 114.561 114.757 114.954 115.152 115.349 115.547 115.745 115.943 116.141 116.340 116.539 116.738 116.938 117.137 117.337 117.537 117.737 117.938 118.139 118.339 118.541 118.742 118.944 119.145 119.347 119.549 119.752 119.954 120.157 120.360 120.563 120.767 120.970 121.174 121.378 121.582 121.786 121.991 122.195 122.400 122.605 122.810 123.015 123.221 123.426 123.632 123.838 124.044 124.250 124.456 124.663
111.390 111.583 111.776 111.969 112.163 112.357 112.552 112.746 112.941 113.136 113.331 113.527 113.723 113.919 114.116 114.312 114.509 114.706 114.904 115.101 115.299 115.498 115.696 115.895 116.094 116.293 116.492 116.692 116.892 117.092 117.292 117.493 117.693 117.894 118.095 118.297 118.499 118.700 118.902 119.105 119.307 119.510 119.713 119.916 120.119 120.323 120.526 120.730 120.934 121.138 121.343 121.547 121.752 121.957 122.162 122.367 122.573 122.778 122.984 123.190 123.396 123.602 123.809 124.015 124.222 124.429 124.636
111.331 111.525 111.718 111.912 112.106 112.301 112.495 112.690 112.886 113.081 113.277 113.473 113.669 113.866 114.063 114.260 114.457 114.655 114.853 115.051 115.250 115.448 115.647 115.846 116.046 116.245 116.445 116.645 116.845 117.046 117.247 117.448 117.649 117.851 118.052 118.254 118.456 118.659 118.861 119.064 119.267 119.470 119.673 119.877 120.081 120.285 120.489 120.693 120.898 121.102 121.307 121.512 121.718 121.923 122.129 122.335 122.540 122.747 122.953 123.159 123.366 123.573 123.780 123.987 124.194 124.401 124.609
111.272 111.466 111.660 111.854 112.049 112.244 112.439 112.634 112.830 113.026 113.222 113.419 113.616 113.813 114.010 114.208 114.406 114.604 114.802 115.001 115.199 115.399 115.598 115.797 115.997 116.197 116.398 116.598 116.799 117.000 117.201 117.403 117.605 117.807 118.009 118.211 118.414 118.617 118.820 119.023 119.226 119.430 119.634 119.838 120.042 120.247 120.451 120.656 120.861 121.066 121.272 121.477 121.683 121.889 122.095 122.302 122.508 122.715 122.922 123.129 123.336 123.543 123.750 123.958 124.166 124.374 124.582
111.213 111.407 111.602 111.796 111.991 112.187 112.382 112.578 112.774 112.971 113.167 113.364 113.562 113.759 113.957 114.155 114.353 114.552 114.751 114.950 115.149 115.349 115.548 115.749 115.949 116.149 116.350 116.551 116.753 116.954 117.156 117.358 117.560 117.762 117.965 118.168 118.371 118.574 118.778 118.982 119.186 119.390 119.594 119.799 120.003 120.208 120.414 120.619 120.825 121.030 121.236 121.442 121.649 121.855 122.062 122.269 122.476 122.683 122.890 123.098 123.305 123.513 123.721 123.929 124.137 124.346 124.554
111.153 111.348 111.543 111.738 111.934 112.129 112.325 112.522 112.718 112.915 113.112 113.310 113.507 113.705 113.904 114.102 114.301 114.500 114.699 114.899 115.098 115.298 115.499 115.699 115.900 116.101 116.302 116.504 116.706 116.908 117.110 117.312 117.515 117.718 117.921 118.125 118.328 118.532 118.736 118.940 119.145 119.349 119.554 119.759 119.965 120.170 120.376 120.582 120.788 120.994 121.200 121.407 121.614 121.821 122.028 122.235 122.443 122.650 122.858 123.066 123.275 123.483 123.691 123.900 124.109 124.318 124.527
111.094 111.289 111.484 111.680 111.875 112.072 112.268 112.465 112.662 112.859 113.057 113.255 113.453 113.651 113.850 114.049 114.248 114.448 114.647 114.847 115.048 115.248 115.449 115.650 115.851 116.053 116.254 116.456 116.659 116.861 117.064 117.267 117.470 117.673 117.877 118.081 118.285 118.489 118.694 118.899 119.104 119.309 119.514 119.720 119.925 120.131 120.338 120.544 120.751 120.957 121.164 121.371 121.579 121.786 121.994 122.202 122.410 122.618 122.826 123.035 123.244 123.453 123.662 123.871 124.080 124.290 124.499
111.033 111.229 111.425 111.621 111.817 112.014 112.211 112.408 112.605 112.803 113.001 113.199 113.398 113.597 113.796 113.995 114.195 114.395 114.595 114.796 114.996 115.197 115.399 115.600 115.802 116.004 116.206 116.409 116.611 116.814 117.018 117.221 117.425 117.629 117.833 118.037 118.242 118.446 118.651 118.857 119.062 119.268 119.474 119.680 119.886 120.093 120.299 120.506 120.713 120.921 121.128 121.336 121.544 121.752 121.960 122.168 122.377 122.586 122.794 123.004 123.213 123.422 123.632 123.841 124.051 124.261 124.472
