lon.grd
DSAA
  500  400
 1  500
 1  400
-181.0  181.0
[rows 90 to 119 of 400, columns 67 to 133 of 500]
106.627 106.770 106.913 107.056 107.199 107.343 107.487 107.631 107.775 107.919 108.064 108.209 108.353 108.499 108.644 108.789 108.935 109.081 109.227 109.373 109.519 109.666 109.812 109.959 110.106 110.254 110.401 110.549 110.696 110.844 110.992 111.141 111.289 111.438 111.586 111.735 111.884 112.033 112.183 112.332 112.482 112.632 112.782 112.932 113.083 113.233 113.384 113.535 113.686 113.837 113.988 114.140 114.291 114.443 114.595 114.747 114.899 115.052 115.204 115.357 115.510 115.663 115.816 115.969 116.123 116.276 116.430
106.574 106.717 106.860 107.004 107.147 107.291 107.435 107.579 107.724 107.868 108.013 108.158 108.303 108.449 108.594 108.740 108.886 109.032 109.178 109.324 109.471 109.618 109.765 109.912 110.059 110.206 110.354 110.502 110.650 110.798 110.946 111.095 111.243 111.392 111.541 111.691 111.840 111.989 112.139 112.289 112.439 112.589 112.739 112.890 113.040 113.191 113.342 113.493 113.645 113.796 113.948 114.099 114.251 114.403 114.555 114.708 114.860 115.013 115.166 115.319 115.472 115.625 115.778 115.932 116.086 116.239 116.393
106.521 106.664 106.808 106.951 107.095 107.239 107.383 107.528 107.673 107.817 107.962 108.108 108.253 108.398 108.544 108.690 108.836 108.982 109.129 109.276 109.422 109.569 109.717 109.864 110.011 110.159 110.307 110.455 110.603 110.752 110.900 111.049 111.198 111.347 111.496 111.646 111.795 111.945 112.095 112.245 112.395 112.546 112.696 112.847 112.998 113.149 113.300 113.452 113.603 113.755 113.907 114.059 114.211 114.363 114.516 114.668 114.821 114.974 115.127 115.280 115.434 115.587 115.741 115.895 116.049 116.203 116.357
106.467 106.611 106.755 106.899 107.043 107.187 107.331 107.476 107.621 107.766 107.911 108.057 108.202 108.348 108.494 108.640 108.787 108.933 109.080 109.227 109.374 109.521 109.668 109.816 109.964 110.112 110.260 110.408 110.557 110.705 110.854 111.003 111.152 111.302 111.451 111.601 111.751 111.901 112.051 112.201 112.352 112.502 112.653 112.804 112.955 113.107 113.258 113.410 113.562 113.714 113.866 114.018 114.170 114.323 114.476 114.629 114.782 114.935 115.088 115.242 115.395 115.549 115.703 115.857 116.011 116.166 116.320
106.414 106.558 106.702 106.846 106.990 107.135 107.279 107.424 107.569 107.715 107.860 108.006 108.152 108.298 108.444 108.590 108.737 108.883 109.030 109.178 109.325 109.472 109.620 109.768 109.916 110.064 110.212 110.361 110.510 110.659 110.808 110.957 111.106 111.256 111.406 111.556 111.706 111.856 112.006 112.157 112.308 112.459 112.610 112.761 112.913 113.064 113.216 113.368 113.520 113.672 113.824 113.977 114.130 114.283 114.436 114.589 114.742 114.896 115.049 115.203 115.357 115.511 115.665 115.819 115.974 116.129 116.283
106.360 106.504 106.648 106.793 106.937 107.082 107.227 107.372 107.517 107.663 107.809 107.955 108.101 108.247 108.393 108.540 108.687 108.834 108.981 109.128 109.276 109.424 109.571 109.720 109.868 110.016 110.165 110.314 110.463 110.612 110.761 110.911 111.060 111.210 111.360 111.510 111.661 111.811 111.962 112.113 112.264 112.415 112.566 112.718 112.870 113.021 113.173 113.326 113.478 113.630 113.783 113.936 114.089 114.242 114.395 114.549 114.702 114.856 115.010 115.164 115.318 115.473 115.627 115.782 115.936 116.091 116.247
106.306 106.451 106.595 106.740 106.884 107.029 107.174 107.320 107.465 107.611 107.757 107.903 108.049 108.196 108.343 108.490 108.637 108.784 108.931 109.079 109.227 109.375 109.523 109.671 109.820 109.968 110.117 110.266 110.415 110.565 110.714 110.864 111.014 111.164 111.314 111.465 111.615 111.766 111.917 112.068 112.220 112.371 112.523 112.674 112.826 112.979 113.131 113.283 113.436 113.589 113.742 113.895 114.048 114.201 114.355 114.509 114.662 114.816 114.971 115.125 115.279 115.434 115.589 115.744 115.899 116.054 116.209
106.252 106.397 106.541 106.686 106.831 106.976 107.122 107.267 107.413 107.559 107.705 107.852 107.998 108.145 108.292 108.439 108.586 108.734 108.881 109.029 109.177 109.325 109.474 109.622 109.771 109.920 110.069 110.218 110.368 110.518 110.667 110.817 110.968 111.118 111.268 111.419 111.570 111.721 111.872 112.024 112.175 112.327 112.479 112.631 112.783 112.935 113.088 113.241 113.394 113.547 113.700 113.853 114.007 114.160 114.314 114.468 114.622 114.777 114.931 115.086 115.241 115.395 115.550 115.706 115.861 116.017 116.172
106.198 106.343 106.488 106.633 106.778 106.923 107.069 107.215 107.361 107.507 107.653 107.800 107.947 108.094 108.241 108.388 108.536 108.683 108.831 108.979 109.128 109.276 109.425 109.573 109.723 109.872 110.021 110.171 110.320 110.470 110.620 110.771 110.921 111.072 111.222 111.373 111.524 111.676 111.827 111.979 112.131 112.283 112.435 112.587 112.740 112.892 113.045 113.198 113.351 113.505 113.658 113.812 113.965 114.119 114.273 114.428 114.582 114.737 114.892 115.046 115.201 115.357 115.512 115.667 115.823 115.979 116.135
106.144 106.288 106.434 106.579 106.724 106.870 107.016 107.162 107.308 107.454 107.601 107.748 107.895 108.042 108.190 108.337 108.485 108.633 108.781 108.929 109.078 109.227 109.375 109.524 109.674 109.823 109.973 110.123 110.273 110.423 110.573 110.724 110.874 111.025 111.176 111.327 111.479 111.630 111.782 111.934 112.086 112.238 112.391 112.543 112.696 112.849 113.002 113.155 113.309 113.462 113.616 113.770 113.924 114.078 114.233 114.387 114.542 114.697 114.852 115.007 115.162 115.318 115.473 115.629 115.785 115.941 116.097
106.089 106.234 106.379 106.525 106.671 106.816 106.962 107.109 107.255 107.402 107.549 107.696 107.843 107.991 108.138 108.286 108.434 108.582 108.731 108.879 109.028 109.177 109.326 109.475 109.625 109.774 109.924 110.074 110.225 110.375 110.526 110.676 110.827 110.978 111.130 111.281 111.433 111.585 111.737 111.889 112.041 112.194 112.346 112.499 112.652 112.805 112.959 113.112 113.266 113.420 113.574 113.728 113.882 114.037 114.192 114.346 114.501 114.656 114.812 114.967 115.123 115.279 115.434 115.591 115.747 115.903 116.060
106.034 106.179 106.325 106.471 106.617 106.763 106.909 107.056 107.202 107.349 107.496 107.643 107.791 107.939 108.087 108.235 108.383 108.531 108.680 108.829 108.978 109.127 109.276 109.426 109.576 109.726 109.876 110.026 110.176 110.327 110.478 110.629 110.780 110.932 111.083 111.235 111.387 111.539 111.691 111.844 111.996 112.149 112.302 112.455 112.608 112.762 112.915 113.069 113.223 113.377 113.532 113.686 113.841 113.995 114.150 114.305 114.461 114.616 114.772 114.927 115.083 115.239 115.396 115.552 115.708 115.865 116.022
105.979 106.125 106.270 106.416 106.562 106.709 106.855 107.002 107.149 107.296 107.443 107.591 107.739 107.887 108.035 108.183 108.332 108.480 108.629 108.778 108.927 109.077 109.226 109.376 109.526 109.676 109.827 109.977 110.128 110.279 110.430 110.581 110.733 110.884 111.036 111.188 111.340 111.493 111.645 111.798 111.951 112.104 112.257 112.411 112.564 112.718 112.872 113.026 113.180 113.334 113.489 113.644 113.799 113.954 114.109 114.264 114.420 114.576 114.731 114.887 115.044 115.200 115.356 115.513 115.670 115.827 115.984
105.924 106.070 106.216 106.362 106.508 106.655 106.801 106.948 107.096 107.243 107.391 107.538 107.686 107.834 107.983 108.131 108.280 108.429 108.578 108.727 108.877 109.027 109.176 109.326 109.477 109.627 109.778 109.929 110.080 110.231 110.382 110.534 110.685 110.837 110.989 111.142 111.294 111.447 111.599 111.752 111.906 112.059 112.212 112.366 112.520 112.674 112.828 112.982 113.137 113.292 113.446 113.601 113.757 113.912 114.067 114.223 114.379 114.535 114.691 114.847 115.004 115.160 115.317 115.474 115.631 115.788 115.946
105.868 106.014 106.161 106.307 106.454 106.600 106.747 106.895 107.042 107.190 107.337 107.485 107.634 107.782 107.931 108.079 108.228 108.378 108.527 108.676 108.826 108.976 109.126 109.277 109.427 109.578 109.729 109.880 110.031 110.182 110.334 110.486 110.638 110.790 110.942 111.095 111.247 111.400 111.553 111.707 111.860 112.014 112.167 112.321 112.475 112.630 112.784 112.939 113.093 113.248 113.404 113.559 113.714 113.870 114.026 114.182 114.338 114.494 114.650 114.807 114.964 115.121 115.278 115.435 115.592 115.750 115.907
105.813 105.959 106.105 106.252 106.399 106.546 106.693 106.841 106.988 107.136 107.284 107.432 107.581 107.729 107.878 108.027 108.176 108.326 108.475 108.625 108.775 108.925 109.076 109.226 109.377 109.528 109.679 109.831 109.982 110.134 110.286 110.438 110.590 110.742 110.895 111.048 111.201 111.354 111.507 111.661 111.814 111.968 112.122 112.276 112.431 112.585 112.740 112.895 113.050 113.205 113.361 113.516 113.672 113.828 113.984 114.140 114.296 114.453 114.610 114.767 114.924 115.081 115.238 115.396 115.553 115.711 115.869
105.757 105.903 106.050 106.197 106.344 106.491 106.639 106.786 106.934 107.082 107.231 107.379 107.528 107.677 107.826 107.975 108.124 108.274 108.424 108.574 108.724 108.875 109.025 109.176 109.327 109.478 109.630 109.781 109.933 110.085 110.237 110.389 110.542 110.695 110.847 111.000 111.154 111.307 111.461 111.614 111.768 111.922 112.077 112.231 112.386 112.541 112.696 112.851 113.006 113.162 113.317 113.473 113.629 113.785 113.942 114.098 114.255 114.412 114.569 114.726 114.883 115.041 115.198 115.356 115.514 115.672 115.830
105.701 105.847 105.994 106.141 106.289 106.436 106.584 106.732 106.880 107.028 107.177 107.326 107.474 107.624 107.773 107.922 108.072 108.222 108.372 108.522 108.673 108.824 108.974 109.126 109.277 109.428 109.580 109.732 109.884 110.036 110.188 110.341 110.494 110.647 110.800 110.953 111.107 111.260 111.414 111.568 111.722 111.877 112.031 112.186 112.341 112.496 112.651 112.807 112.962 113.118 113.274 113.430 113.586 113.743 113.900 114.056 114.213 114.370 114.528 114.685 114.843 115.001 115.158 115.317 115.475 115.633 115.792
105.644 105.791 105.938 106.086 106.233 106.381 106.529 106.677 106.826 106.974 107.123 107.272 107.421 107.570 107.720 107.870 108.020 108.170 108.320 108.471 108.621 108.772 108.923 109.075 109.226 109.378 109.530 109.682 109.834 109.987 110.139 110.292 110.445 110.598 110.752 110.905 111.059 111.213 111.367 111.522 111.676 111.831 111.986 112.141 112.296 112.451 112.607 112.762 112.918 113.074 113.231 113.387 113.544 113.700 113.857 114.014 114.172 114.329 114.487 114.644 114.802 114.960 115.118 115.277 115.435 115.594 115.753
105.588 105.735 105.882 106.030 106.178 106.326 106.474 106.622 106.771 106.920 107.069 107.218 107.367 107.517 107.667 107.817 107.967 108.117 108.268 108.419 108.570 108.721 108.872 109.024 109.176 109.328 109.480 109.632 109.785 109.937 110.090 110.243 110.397 110.550 110.704 110.858 111.012 111.166 111.320 111.475 111.630 111.785 111.940 112.095 112.250 112.406 112.562 112.718 112.874 113.030 113.187 113.344 113.500 113.658 113.815 113.972 114.130 114.287 114.445 114.603 114.761 114.920 115.078 115.237 115.396 115.555 115.714
105.531 105.679 105.826 105.974 106.122 106.270 106.419 106.567 106.716 106.865 107.014 107.164 107.314 107.463 107.613 107.764 107.914 108.065 108.216 108.367 108.518 108.669 108.821 108.973 109.125 109.277 109.429 109.582 109.735 109.888 110.041 110.194 110.348 110.502 110.656 110.810 110.964 111.118 111.273 111.428 111.583 111.738 111.894 112.049 112.205 112.361 112.517 112.673 112.830 112.986 113.143 113.300 113.457 113.615 113.772 113.930 114.087 114.245 114.404 114.562 114.720 114.879 115.038 115.197 115.356 115.515 115.675
105.474 105.622 105.770 105.918 106.066 106.215 106.363 106.512 106.661 106.810 106.960 107.110 107.259 107.410 107.560 107.710 107.861 108.012 108.163 108.314 108.466 108.618 108.769 108.922 109.074 109.226 109.379 109.532 109.685 109.838 109.992 110.145 110.299 110.453 110.607 110.762 110.916 111.071 111.226 111.381 111.536 111.692 111.847 112.003 112.159 112.315 112.472 112.628 112.785 112.942 113.099 113.256 113.414 113.571 113.729 113.887 114.045 114.203 114.362 114.521 114.679 114.838 114.997 115.157 115.316 115.476 115.635
105.417 105.565 105.713 105.861 106.010 106.159 106.307 106.457 106.606 106.755 106.905 107.055 107.205 107.356 107.506 107.657 107.808 107.959 108.110 108.262 108.414 108.566 108.718 108.870 109.023 109.175 109.328 109.481 109.635 109.788 109.942 110.096 110.250 110.404 110.559 110.713 110.868 111.023 111.178 111.334 111.489 111.645 111.801 111.957 112.113 112.270 112.426 112.583 112.740 112.898 113.055 113.212 113.370 113.528 113.686 113.844 114.003 114.161 114.320 114.479 114.638 114.797 114.957 115.116 115.276 115.436 115.596
105.360 105.508 105.656 105.805 105.954 106.102 106.252 106.401 106.550 106.700 106.850 107.000 107.151 107.301 107.452 107.603 107.754 107.906 108.057 108.209 108.361 108.513 108.666 108.818 108.971 109.124 109.277 109.431 109.584 109.738 109.892 110.046 110.201 110.355 110.510 110.665 110.820 110.975 111.131 111.286 111.442 111.598 111.754 111.911 112.067 112.224 112.381 112.538 112.695 112.853 113.011 113.168 113.326 113.485 113.643 113.801 113.960 114.119 114.278 114.437 114.597 114.756 114.916 115.076 115.236 115.396 115.556
105.302 105.451 105.599 105.748 105.897 106.046 106.195 106.345 106.495 106.645 106.795 106.945 107.096 107.247 107.398 107.549 107.701 107.852 108.004 108.156 108.308 108.461 108.614 108.766 108.919 109.073 109.226 109.380 109.534 109.688 109.842 109.996 110.151 110.306 110.461 110.616 110.771 110.927 111.083 111.239 111.395 111.551 111.708 111.864 112.021 112.178 112.335 112.493 112.650 112.808 112.966 113.124 113.282 113.441 113.600 113.758 113.917 114.076 114.236 114.395 114.555 114.715 114.875 115.035 115.195 115.356 115.516
105.245 105.393 105.542 105.691 105.840 105.990 106.139 106.289 106.439 106.589 106.740 106.890 107.041 107.192 107.344 107.495 107.647 107.799 107.951 108.103 108.256 108.408 108.561 108.714 108.868 109.021 109.175 109.329 109.483 109.637 109.792 109.946 110.101 110.256 110.412 110.567 110.723 110.879 111.035 111.191 111.347 111.504 111.661 111.818 111.975 112.132 112.289 112.447 112.605 112.763 112.921 113.080 113.238 113.397 113.556 113.715 113.874 114.034 114.193 114.353 114.513 114.673 114.834 114.994 115.155 115.315 115.476
105.187 105.335 105.484 105.634 105.783 105.933 106.083 106.233 106.383 106.533 106.684 106.835 106.986 107.137 107.289 107.441 107.593 107.745 107.897 108.050 108.203 108.356 108.509 108.662 108.816 108.969 109.123 109.278 109.432 109.586 109.741 109.896 110.051 110.207 110.362 110.518 110.674 110.830 110.986 111.143 111.299 111.456 111.613 111.771 111.928 112.086 112.243 112.401 112.560 112.718 112.876 113.035 113.194 113.353 113.512 113.672 113.831 113.991 114.151 114.311 114.471 114.632 114.792 114.953 115.114 115.275 115.436
105.129 105.278 105.427 105.576 105.726 105.876 106.026 106.176 106.327 106.477 106.628 106.780 106.931 107.082 107.234 107.386 107.538 107.691 107.843 107.996 108.149 108.302 108.456 108.610 108.763 108.917 109.072 109.226 109.381 109.536 109.691 109.846 110.001 110.157 110.313 110.469 110.625 110.781 110.938 111.095 111.252 111.409 111.566 111.724 111.881 112.039 112.197 112.355 112.514 112.673 112.831 112.990 113.150 113.309 113.468 113.628 113.788 113.948 114.108 114.269 114.429 114.590 114.751 114.912 115.073 115.234 115.396
105.070 105.219 105.369 105.519 105.668 105.819 105.969 106.119 106.270 106.421 106.572 106.724 106.875 107.027 107.179 107.331 107.484 107.637 107.789 107.943 108.096 108.249 108.403 108.557 108.711 108.865 109.020 109.174 109.329 109.484 109.640 109.795 109.951 110.107 110.263 110.419 110.576 110.732 110.889 111.046 111.203 111.361 111.519 111.676 111.834 111.992 112.151 112.309 112.468 112.627 112.786 112.945 113.105 113.264 113.424 113.584 113.744 113.905 114.065 114.226 114.387 114.548 114.709 114.870 115.032 115.194 115.355
105.012 105.161 105.311 105.461 105.611 105.761 105.912 106.063 106.214 106.365 106.516 106.668 106.820 106.972 107.124 107.277 107.429 107.582 107.735 107.889 108.042 108.196 108.350 108.504 108.658 108.813 108.968 109.123 109.278 109.433 109.589 109.745 109.900 110.057 110.213 110.370 110.526 110.683 110.840 110.998 111.155 111.313 111.471 111.629 111.787 111.946 112.104 112.263 112.422 112.581 112.741 112.900 113.060 113.220 113.380 113.540 113.701 113.861 114.022 114.183 114.344 114.506 114.667 114.829 114.991 115.153 115.315
