lon.grd
DSAA
  500  400
 1  500
 1  400
-181.0  181.0
[rows 90 to 119 of 400, columns 0 to 66 of 500]
97.505 97.635 97.764 97.894 98.024 98.154 98.284 98.415 98.546 98.677 98.808 98.940 99.071 99.203 99.335 99.468 99.600 99.733 99.866 99.999 100.132 100.266 100.400 100.534 100.668 100.802 100.937 101.071 101.206 101.342 101.477 101.613 101.748 101.884 102.021 102.157 102.294 102.430 102.567 102.705 102.842 102.980 103.117 103.255 103.394 103.532 103.671 103.810 103.949 104.088 104.227 104.367 104.507 104.647 104.787 104.927 105.068 105.208 105.349 105.491 105.632 105.773 105.915 106.057 106.199 106.342 106.484
97.440 97.569 97.699 97.829 97.959 98.089 98.220 98.351 98.482 98.613 98.744 98.876 99.008 99.140 99.272 99.405 99.537 99.670 99.803 99.937 100.070 100.204 100.338 100.472 100.606 100.741 100.875 101.010 101.146 101.281 101.417 101.552 101.688 101.824 101.961 102.097 102.234 102.371 102.508 102.646 102.784 102.921 103.059 103.198 103.336 103.475 103.613 103.752 103.892 104.031 104.171 104.310 104.450 104.591 104.731 104.872 105.012 105.153 105.295 105.436 105.578 105.719 105.861 106.003 106.146 106.288 106.431
97.374 97.504 97.634 97.764 97.894 98.024 98.155 98.286 98.417 98.549 98.680 98.812 98.944 99.076 99.209 99.341 99.474 99.607 99.741 99.874 100.008 100.142 100.276 100.410 100.544 100.679 100.814 100.949 101.085 101.220 101.356 101.492 101.628 101.764 101.901 102.038 102.175 102.312 102.449 102.587 102.725 102.863 103.001 103.139 103.278 103.417 103.556 103.695 103.834 103.974 104.114 104.254 104.394 104.535 104.675 104.816 104.957 105.098 105.240 105.381 105.523 105.665 105.807 105.949 106.092 106.235 106.378
97.308 97.438 97.568 97.698 97.829 97.959 98.090 98.221 98.353 98.484 98.616 98.748 98.880 99.012 99.145 99.278 99.411 99.544 99.678 99.811 99.945 100.079 100.213 100.348 100.483 100.617 100.753 100.888 101.023 101.159 101.295 101.431 101.568 101.704 101.841 101.978 102.115 102.253 102.390 102.528 102.666 102.804 102.943 103.081 103.220 103.359 103.498 103.638 103.777 103.917 104.057 104.197 104.338 104.478 104.619 104.760 104.901 105.043 105.184 105.326 105.468 105.610 105.753 105.895 106.038 106.181 106.324
97.242 97.372 97.502 97.633 97.763 97.894 98.025 98.156 98.288 98.420 98.551 98.684 98.816 98.948 99.081 99.214 99.347 99.481 99.614 99.748 99.882 100.016 100.151 100.286 100.420 100.556 100.691 100.826 100.962 101.098 101.234 101.370 101.507 101.644 101.781 101.918 102.055 102.193 102.331 102.469 102.607 102.745 102.884 103.023 103.162 103.301 103.440 103.580 103.720 103.860 104.000 104.140 104.281 104.422 104.563 104.704 104.845 104.987 105.129 105.271 105.413 105.555 105.698 105.841 105.984 106.127 106.270
97.176 97.306 97.436 97.567 97.698 97.828 97.960 98.091 98.223 98.355 98.487 98.619 98.752 98.884 99.017 99.150 99.284 99.417 99.551 99.685 99.819 99.954 100.088 100.223 100.358 100.493 100.629 100.765 100.900 101.037 101.173 101.309 101.446 101.583 101.720 101.858 101.995 102.133 102.271 102.409 102.547 102.686 102.825 102.964 103.103 103.242 103.382 103.522 103.662 103.802 103.943 104.083 104.224 104.365 104.506 104.648 104.789 104.931 105.073 105.215 105.358 105.500 105.643 105.786 105.929 106.073 106.216
97.109 97.239 97.370 97.501 97.632 97.763 97.894 98.026 98.158 98.290 98.422 98.554 98.687 98.820 98.953 99.086 99.220 99.353 99.487 99.622 99.756 99.891 100.025 100.160 100.296 100.431 100.567 100.703 100.839 100.975 101.111 101.248 101.385 101.522 101.660 101.797 101.935 102.073 102.211 102.349 102.488 102.627 102.766 102.905 103.044 103.184 103.324 103.464 103.604 103.744 103.885 104.026 104.167 104.308 104.450 104.591 104.733 104.875 105.017 105.160 105.302 105.445 105.588 105.732 105.875 106.019 106.162
97.042 97.173 97.303 97.434 97.565 97.697 97.828 97.960 98.092 98.224 98.357 98.489 98.622 98.755 98.888 99.022 99.156 99.290 99.424 99.558 99.693 99.827 99.962 100.098 100.233 100.369 100.504 100.640 100.777 100.913 101.050 101.187 101.324 101.461 101.599 101.736 101.874 102.013 102.151 102.289 102.428 102.567 102.706 102.846 102.985 103.125 103.265 103.405 103.546 103.686 103.827 103.968 104.110 104.251 104.393 104.535 104.677 104.819 104.961 105.104 105.247 105.390 105.533 105.677 105.820 105.964 106.108
96.975 97.106 97.237 97.368 97.499 97.631 97.762 97.894 98.026 98.159 98.291 98.424 98.557 98.690 98.824 98.957 99.091 99.225 99.360 99.494 99.629 99.764 99.899 100.034 100.170 100.306 100.442 100.578 100.714 100.851 100.988 101.125 101.262 101.400 101.538 101.675 101.814 101.952 102.091 102.229 102.368 102.507 102.647 102.786 102.926 103.066 103.206 103.347 103.488 103.628 103.769 103.911 104.052 104.194 104.336 104.478 104.620 104.762 104.905 105.048 105.191 105.334 105.478 105.621 105.765 105.909 106.054
96.908 97.039 97.170 97.301 97.433 97.564 97.696 97.828 97.960 98.093 98.226 98.359 98.492 98.625 98.759 98.893 99.027 99.161 99.295 99.430 99.565 99.700 99.835 99.971 100.107 100.243 100.379 100.515 100.652 100.789 100.926 101.063 101.201 101.338 101.476 101.614 101.753 101.891 102.030 102.169 102.308 102.448 102.587 102.727 102.867 103.007 103.148 103.288 103.429 103.570 103.711 103.853 103.994 104.136 104.278 104.421 104.563 104.706 104.849 104.992 105.135 105.278 105.422 105.566 105.710 105.854 105.999
96.841 96.972 97.103 97.234 97.366 97.498 97.630 97.762 97.894 98.027 98.160 98.293 98.426 98.560 98.694 98.828 98.962 99.096 99.231 99.366 99.501 99.636 99.772 99.907 100.043 100.180 100.316 100.453 100.589 100.726 100.864 101.001 101.139 101.277 101.415 101.553 101.692 101.830 101.969 102.108 102.248 102.387 102.527 102.667 102.807 102.948 103.088 103.229 103.370 103.512 103.653 103.795 103.936 104.079 104.221 104.363 104.506 104.649 104.792 104.935 105.079 105.222 105.366 105.510 105.655 105.799 105.944
96.773 96.904 97.035 97.167 97.299 97.431 97.563 97.695 97.828 97.961 98.094 98.227 98.361 98.494 98.628 98.762 98.897 99.031 99.166 99.301 99.437 99.572 99.708 99.844 99.980 100.116 100.253 100.390 100.527 100.664 100.801 100.939 101.077 101.215 101.353 101.492 101.630 101.769 101.908 102.048 102.187 102.327 102.467 102.607 102.748 102.888 103.029 103.170 103.311 103.453 103.594 103.736 103.878 104.021 104.163 104.306 104.449 104.592 104.735 104.879 105.022 105.166 105.310 105.455 105.599 105.744 105.889
96.705 96.836 96.968 97.100 97.232 97.364 97.496 97.629 97.761 97.894 98.028 98.161 98.295 98.429 98.563 98.697 98.832 98.966 99.101 99.237 99.372 99.508 99.644 99.780 99.916 100.053 100.189 100.326 100.463 100.601 100.738 100.876 101.014 101.153 101.291 101.430 101.569 101.708 101.847 101.987 102.126 102.266 102.407 102.547 102.688 102.828 102.969 103.111 103.252 103.394 103.536 103.678 103.820 103.963 104.105 104.248 104.391 104.535 104.678 104.822 104.966 105.110 105.254 105.399 105.544 105.689 105.834
96.637 96.768 96.900 97.032 97.164 97.296 97.429 97.562 97.695 97.828 97.961 98.095 98.229 98.363 98.497 98.631 98.766 98.901 99.036 99.172 99.307 99.443 99.579 99.716 99.852 99.989 100.126 100.263 100.400 100.538 100.676 100.814 100.952 101.090 101.229 101.368 101.507 101.646 101.786 101.925 102.065 102.206 102.346 102.487 102.627 102.768 102.910 103.051 103.193 103.335 103.477 103.619 103.762 103.904 104.047 104.190 104.334 104.477 104.621 104.765 104.909 105.053 105.198 105.343 105.488 105.633 105.778
96.569 96.700 96.832 96.964 97.096 97.229 97.362 97.494 97.628 97.761 97.894 98.028 98.162 98.296 98.431 98.566 98.701 98.836 98.971 99.107 99.242 99.378 99.515 99.651 99.788 99.925 100.062 100.199 100.337 100.474 100.612 100.751 100.889 101.028 101.167 101.306 101.445 101.584 101.724 101.864 102.004 102.145 102.285 102.426 102.567 102.708 102.850 102.991 103.133 103.275 103.418 103.560 103.703 103.846 103.989 104.132 104.276 104.419 104.563 104.708 104.852 104.997 105.141 105.286 105.431 105.577 105.722
96.500 96.632 96.764 96.896 97.028 97.161 97.294 97.427 97.560 97.694 97.828 97.961 98.096 98.230 98.365 98.500 98.635 98.770 98.905 99.041 99.177 99.313 99.450 99.586 99.723 99.860 99.998 100.135 100.273 100.411 100.549 100.687 100.826 100.965 101.104 101.243 101.383 101.522 101.662 101.802 101.943 102.083 102.224 102.365 102.506 102.648 102.789 102.931 103.073 103.216 103.358 103.501 103.644 103.787 103.930 104.074 104.218 104.362 104.506 104.650 104.795 104.940 105.085 105.230 105.375 105.521 105.667
96.431 96.563 96.695 96.828 96.960 97.093 97.226 97.359 97.493 97.626 97.760 97.895 98.029 98.163 98.298 98.433 98.569 98.704 98.840 98.976 99.112 99.248 99.385 99.522 99.659 99.796 99.933 100.071 100.209 100.347 100.485 100.624 100.763 100.902 101.041 101.181 101.320 101.460 101.600 101.741 101.881 102.022 102.163 102.304 102.446 102.587 102.729 102.871 103.013 103.156 103.299 103.441 103.585 103.728 103.872 104.015 104.159 104.303 104.448 104.592 104.737 104.882 105.028 105.173 105.319 105.464 105.611
96.362 96.495 96.627 96.759 96.892 97.025 97.158 97.292 97.425 97.559 97.693 97.827 97.962 98.097 98.232 98.367 98.502 98.638 98.774 98.910 99.046 99.183 99.319 99.456 99.594 99.731 99.869 100.007 100.145 100.283 100.422 100.560 100.699 100.839 100.978 101.118 101.258 101.398 101.538 101.679 101.819 101.960 102.102 102.243 102.385 102.526 102.668 102.811 102.953 103.096 103.239 103.382 103.525 103.669 103.813 103.957 104.101 104.245 104.390 104.535 104.680 104.825 104.970 105.116 105.262 105.408 105.554
96.293 96.425 96.558 96.691 96.823 96.957 97.090 97.223 97.357 97.491 97.625 97.760 97.895 98.030 98.165 98.300 98.436 98.571 98.708 98.844 98.980 99.117 99.254 99.391 99.529 99.666 99.804 99.942 100.080 100.219 100.358 100.497 100.636 100.775 100.915 101.055 101.195 101.335 101.476 101.616 101.757 101.898 102.040 102.181 102.323 102.465 102.608 102.750 102.893 103.036 103.179 103.322 103.466 103.609 103.753 103.898 104.042 104.187 104.331 104.477 104.622 104.767 104.913 105.059 105.205 105.351 105.498
96.224 96.356 96.489 96.622 96.755 96.888 97.021 97.155 97.289 97.423 97.558 97.692 97.827 97.962 98.098 98.233 98.369 98.505 98.641 98.778 98.914 99.051 99.188 99.326 99.463 99.601 99.739 99.877 100.016 100.154 100.293 100.433 100.572 100.712 100.851 100.991 101.132 101.272 101.413 101.554 101.695 101.836 101.978 102.120 102.262 102.404 102.547 102.689 102.832 102.975 103.119 103.262 103.406 103.550 103.694 103.838 103.983 104.128 104.273 104.418 104.564 104.709 104.855 105.001 105.148 105.294 105.441
96.154 96.287 96.419 96.552 96.686 96.819 96.953 97.087 97.221 97.355 97.490 97.624 97.759 97.895 98.030 98.166 98.302 98.438 98.574 98.711 98.848 98.985 99.122 99.260 99.398 99.536 99.674 99.812 99.951 100.090 100.229 100.368 100.508 100.648 100.788 100.928 101.068 101.209 101.350 101.491 101.632 101.774 101.916 102.058 102.200 102.343 102.485 102.628 102.771 102.915 103.058 103.202 103.346 103.490 103.634 103.779 103.924 104.069 104.214 104.360 104.505 104.651 104.797 104.944 105.090 105.237 105.384
96.084 96.217 96.350 96.483 96.616 96.750 96.884 97.018 97.152 97.287 97.421 97.556 97.691 97.827 97.963 98.098 98.235 98.371 98.508 98.644 98.781 98.919 99.056 99.194 99.332 99.470 99.608 99.747 99.886 100.025 100.164 100.304 100.444 100.584 100.724 100.864 101.005 101.146 101.287 101.428 101.570 101.712 101.854 101.996 102.138 102.281 102.424 102.567 102.710 102.854 102.997 103.141 103.286 103.430 103.575 103.719 103.865 104.010 104.155 104.301 104.447 104.593 104.739 104.886 105.033 105.180 105.327
96.014 96.147 96.280 96.413 96.547 96.681 96.815 96.949 97.083 97.218 97.353 97.488 97.623 97.759 97.895 98.031 98.167 98.304 98.440 98.577 98.715 98.852 98.990 99.128 99.266 99.404 99.543 99.682 99.821 99.960 100.099 100.239 100.379 100.519 100.660 100.800 100.941 101.082 101.224 101.365 101.507 101.649 101.791 101.933 102.076 102.219 102.362 102.505 102.649 102.793 102.937 103.081 103.225 103.370 103.515 103.660 103.805 103.950 104.096 104.242 104.388 104.535 104.681 104.828 104.975 105.122 105.270
95.944 96.077 96.210 96.343 96.477 96.611 96.745 96.880 97.014 97.149 97.284 97.419 97.555 97.691 97.827 97.963 98.099 98.236 98.373 98.510 98.648 98.785 98.923 99.061 99.200 99.338 99.477 99.616 99.755 99.895 100.034 100.174 100.314 100.455 100.595 100.736 100.877 101.018 101.160 101.302 101.444 101.586 101.728 101.871 102.014 102.157 102.300 102.444 102.587 102.731 102.875 103.020 103.164 103.309 103.454 103.600 103.745 103.891 104.037 104.183 104.329 104.476 104.623 104.770 104.917 105.064 105.212
95.873 96.006 96.140 96.273 96.407 96.541 96.676 96.810 96.945 97.080 97.215 97.351 97.486 97.622 97.758 97.895 98.031 98.168 98.305 98.443 98.580 98.718 98.856 98.995 99.133 99.272 99.411 99.550 99.689 99.829 99.969 100.109 100.249 100.390 100.531 100.672 100.813 100.954 101.096 101.238 101.380 101.523 101.665 101.808 101.951 102.094 102.238 102.382 102.526 102.670 102.814 102.959 103.104 103.249 103.394 103.539 103.685 103.831 103.977 104.124 104.270 104.417 104.564 104.711 104.859 105.006 105.154
95.802 95.936 96.069 96.203 96.337 96.471 96.606 96.740 96.875 97.010 97.146 97.282 97.417 97.554 97.690 97.826 97.963 98.100 98.238 98.375 98.513 98.651 98.789 98.928 99.066 99.205 99.344 99.484 99.623 99.763 99.903 100.044 100.184 100.325 100.466 100.607 100.749 100.890 101.032 101.174 101.317 101.459 101.602 101.745 101.888 102.032 102.175 102.319 102.464 102.608 102.753 102.897 103.042 103.188 103.333 103.479 103.625 103.771 103.917 104.064 104.211 104.358 104.505 104.653 104.800 104.948 105.096
95.731 95.865 95.998 96.132 96.266 96.401 96.536 96.670 96.806 96.941 97.076 97.212 97.348 97.485 97.621 97.758 97.895 98.032 98.170 98.307 98.445 98.583 98.722 98.860 98.999 99.138 99.278 99.417 99.557 99.697 99.837 99.978 100.119 100.260 100.401 100.542 100.684 100.826 100.968 101.110 101.253 101.396 101.539 101.682 101.825 101.969 102.113 102.257 102.401 102.546 102.691 102.836 102.981 103.127 103.272 103.418 103.564 103.711 103.857 104.004 104.151 104.299 104.446 104.594 104.742 104.890 105.038
95.660 95.794 95.927 96.061 96.196 96.330 96.465 96.600 96.736 96.871 97.007 97.143 97.279 97.415 97.552 97.689 97.826 97.964 98.101 98.239 98.377 98.516 98.654 98.793 98.932 99.071 99.211 99.351 99.491 99.631 99.771 99.912 100.053 100.194 100.336 100.477 100.619 100.761 100.903 101.046 101.189 101.332 101.475 101.618 101.762 101.906 102.050 102.194 102.339 102.484 102.629 102.774 102.920 103.065 103.211 103.357 103.504 103.650 103.797 103.944 104.091 104.239 104.387 104.535 104.683 104.831 104.980
95.588 95.722 95.856 95.990 96.125 96.260 96.395 96.530 96.665 96.801 96.937 97.073 97.209 97.346 97.483 97.620 97.757 97.895 98.033 98.171 98.309 98.448 98.586 98.725 98.865 99.004 99.144 99.284 99.424 99.564 99.705 99.846 99.987 100.128 100.270 100.412 100.554 100.696 100.839 100.981 101.124 101.268 101.411 101.555 101.698 101.843 101.987 102.132 102.276 102.421 102.567 102.712 102.858 103.004 103.150 103.296 103.443 103.590 103.737 103.884 104.031 104.179 104.327 104.475 104.624 104.772 104.921
95.517 95.651 95.785 95.919 96.054 96.189 96.324 96.459 96.595 96.731 96.867 97.003 97.140 97.276 97.414 97.551 97.688 97.826 97.964 98.102 98.241 98.380 98.518 98.658 98.797 98.937 99.077 99.217 99.357 99.498 99.639 99.780 99.921 100.062 100.204 100.346 100.489 100.631 100.774 100.917 101.060 101.203 101.347 101.491 101.635 101.779 101.924 102.068 102.213 102.359 102.504 102.650 102.796 102.942 103.088 103.235 103.382 103.529 103.676 103.824 103.971 104.119 104.267 104.416 104.564 104.713 104.862
