lon.grd
DSAA
  500  400
 1  500
 1  400
-181.0  181.0
[rows 60 to 89 of 400, columns 0 to 66 of 500]
99.376 99.500 99.625 99.750 99.876 100.001 100.127 100.253 100.379 100.505 100.632 100.758 100.885 101.012 101.139 101.266 101.394 101.522 101.649 101.777 101.906 102.034 102.163 102.292 102.421 102.550 102.679 102.808 102.938 103.068 103.198 103.328 103.459 103.589 103.720 103.851 103.982 104.113 104.245 104.376 104.508 104.640 104.772 104.904 105.037 105.170 105.302 105.435 105.569 105.702 105.835 105.969 106.103 106.237 106.371 106.506 106.640 106.775 106.910 107.045 107.180 107.315 107.451 107.586 107.722 107.858 107.994
99.316 99.441 99.566 99.691 99.817 99.942 100.068 100.194 100.321 100.447 100.573 100.700 100.827 100.954 101.082 101.209 101.337 101.465 101.593 101.721 101.849 101.978 102.107 102.236 102.365 102.494 102.624 102.753 102.883 103.013 103.143 103.274 103.404 103.535 103.666 103.797 103.928 104.060 104.191 104.323 104.455 104.587 104.720 104.852 104.985 105.118 105.251 105.384 105.517 105.651 105.784 105.918 106.052 106.187 106.321 106.456 106.590 106.725 106.860 106.995 107.131 107.266 107.402 107.538 107.674 107.810 107.947
99.256 99.381 99.507 99.632 99.758 99.883 100.009 100.136 100.262 100.389 100.515 100.642 100.769 100.897 101.024 101.152 101.280 101.408 101.536 101.664 101.793 101.922 102.051 102.180 102.309 102.438 102.568 102.698 102.828 102.958 103.089 103.219 103.350 103.481 103.612 103.743 103.875 104.006 104.138 104.270 104.402 104.534 104.667 104.800 104.932 105.065 105.199 105.332 105.466 105.599 105.733 105.867 106.002 106.136 106.271 106.405 106.540 106.675 106.811 106.946 107.082 107.217 107.353 107.489 107.626 107.762 107.899
99.196 99.322 99.447 99.573 99.698 99.824 99.951 100.077 100.203 100.330 100.457 100.584 100.711 100.839 100.966 101.094 101.222 101.350 101.479 101.607 101.736 101.865 101.994 102.123 102.253 102.383 102.512 102.642 102.773 102.903 103.033 103.164 103.295 103.426 103.557 103.689 103.821 103.952 104.084 104.217 104.349 104.481 104.614 104.747 104.880 105.013 105.147 105.280 105.414 105.548 105.682 105.816 105.951 106.085 106.220 106.355 106.490 106.625 106.761 106.896 107.032 107.168 107.304 107.440 107.577 107.714 107.850
99.136 99.262 99.387 99.513 99.639 99.765 99.891 100.018 100.144 100.271 100.398 100.526 100.653 100.781 100.908 101.036 101.165 101.293 101.422 101.550 101.679 101.808 101.938 102.067 102.197 102.326 102.456 102.587 102.717 102.848 102.978 103.109 103.240 103.372 103.503 103.635 103.766 103.898 104.031 104.163 104.295 104.428 104.561 104.694 104.827 104.961 105.094 105.228 105.362 105.496 105.630 105.765 105.899 106.034 106.169 106.304 106.440 106.575 106.711 106.847 106.983 107.119 107.255 107.392 107.528 107.665 107.802
99.076 99.202 99.327 99.453 99.579 99.705 99.832 99.959 100.085 100.212 100.340 100.467 100.595 100.722 100.850 100.979 101.107 101.235 101.364 101.493 101.622 101.751 101.881 102.010 102.140 102.270 102.400 102.531 102.661 102.792 102.923 103.054 103.185 103.317 103.448 103.580 103.712 103.844 103.977 104.109 104.242 104.375 104.508 104.641 104.774 104.908 105.042 105.176 105.310 105.444 105.579 105.713 105.848 105.983 106.118 106.254 106.389 106.525 106.661 106.797 106.933 107.069 107.206 107.342 107.479 107.616 107.753
99.016 99.141 99.267 99.393 99.519 99.646 99.772 99.899 100.026 100.153 100.281 100.408 100.536 100.664 100.792 100.920 101.049 101.178 101.306 101.436 101.565 101.694 101.824 101.954 102.084 102.214 102.344 102.475 102.605 102.736 102.867 102.999 103.130 103.262 103.393 103.525 103.658 103.790 103.922 104.055 104.188 104.321 104.454 104.588 104.721 104.855 104.989 105.123 105.258 105.392 105.527 105.662 105.797 105.932 106.067 106.203 106.338 106.474 106.610 106.747 106.883 107.019 107.156 107.293 107.430 107.567 107.705
98.955 99.081 99.207 99.333 99.459 99.586 99.713 99.840 99.967 100.094 100.222 100.349 100.477 100.605 100.734 100.862 100.991 101.120 101.249 101.378 101.507 101.637 101.767 101.897 102.027 102.157 102.288 102.418 102.549 102.680 102.812 102.943 103.075 103.206 103.338 103.471 103.603 103.735 103.868 104.001 104.134 104.267 104.401 104.534 104.668 104.802 104.936 105.071 105.205 105.340 105.475 105.610 105.745 105.880 106.016 106.152 106.288 106.424 106.560 106.696 106.833 106.970 107.107 107.244 107.381 107.518 107.656
98.894 99.020 99.146 99.272 99.399 99.526 99.653 99.780 99.907 100.035 100.162 100.290 100.418 100.547 100.675 100.804 100.932 101.061 101.191 101.320 101.450 101.579 101.709 101.839 101.970 102.100 102.231 102.362 102.493 102.624 102.756 102.887 103.019 103.151 103.283 103.416 103.548 103.681 103.814 103.947 104.080 104.213 104.347 104.481 104.615 104.749 104.883 105.018 105.153 105.287 105.422 105.558 105.693 105.829 105.964 106.100 106.236 106.373 106.509 106.646 106.783 106.920 107.057 107.194 107.331 107.469 107.607
98.833 98.959 99.085 99.212 99.339 99.466 99.593 99.720 99.847 99.975 100.103 100.231 100.359 100.488 100.616 100.745 100.874 101.003 101.132 101.262 101.392 101.522 101.652 101.782 101.913 102.043 102.174 102.305 102.436 102.568 102.700 102.831 102.963 103.095 103.228 103.360 103.493 103.626 103.759 103.892 104.026 104.159 104.293 104.427 104.561 104.696 104.830 104.965 105.100 105.235 105.370 105.505 105.641 105.777 105.913 106.049 106.185 106.322 106.458 106.595 106.732 106.869 107.007 107.144 107.282 107.420 107.558
98.772 98.898 99.024 99.151 99.278 99.405 99.532 99.660 99.787 99.915 100.043 100.171 100.300 100.428 100.557 100.686 100.815 100.945 101.074 101.204 101.334 101.464 101.594 101.725 101.855 101.986 102.117 102.248 102.380 102.511 102.643 102.775 102.907 103.040 103.172 103.305 103.438 103.571 103.704 103.838 103.971 104.105 104.239 104.373 104.508 104.642 104.777 104.912 105.047 105.182 105.317 105.453 105.589 105.725 105.861 105.997 106.134 106.270 106.407 106.544 106.682 106.819 106.956 107.094 107.232 107.370 107.508
98.710 98.837 98.963 99.090 99.217 99.344 99.472 99.599 99.727 99.855 99.983 100.112 100.240 100.369 100.498 100.627 100.756 100.886 101.016 101.145 101.276 101.406 101.536 101.667 101.798 101.929 102.060 102.191 102.323 102.455 102.587 102.719 102.851 102.984 103.116 103.249 103.382 103.516 103.649 103.783 103.917 104.051 104.185 104.319 104.454 104.588 104.723 104.858 104.994 105.129 105.265 105.401 105.536 105.673 105.809 105.946 106.082 106.219 106.356 106.493 106.631 106.768 106.906 107.044 107.182 107.320 107.459
98.649 98.775 98.902 99.029 99.156 99.284 99.411 99.539 99.667 99.795 99.923 100.052 100.180 100.309 100.438 100.568 100.697 100.827 100.957 101.087 101.217 101.348 101.478 101.609 101.740 101.871 102.003 102.134 102.266 102.398 102.530 102.662 102.795 102.928 103.060 103.194 103.327 103.460 103.594 103.728 103.862 103.996 104.130 104.265 104.400 104.534 104.670 104.805 104.940 105.076 105.212 105.348 105.484 105.620 105.757 105.894 106.030 106.168 106.305 106.442 106.580 106.718 106.856 106.994 107.132 107.270 107.409
98.587 98.714 98.841 98.968 99.095 99.222 99.350 99.478 99.606 99.734 99.863 99.992 100.121 100.250 100.379 100.508 100.638 100.768 100.898 101.028 101.159 101.289 101.420 101.551 101.682 101.813 101.945 102.077 102.209 102.341 102.473 102.606 102.738 102.871 103.004 103.138 103.271 103.405 103.538 103.672 103.807 103.941 104.076 104.210 104.345 104.480 104.616 104.751 104.887 105.023 105.159 105.295 105.431 105.568 105.705 105.841 105.979 106.116 106.253 106.391 106.529 106.667 106.805 106.943 107.082 107.220 107.359
98.525 98.652 98.779 98.906 99.034 99.161 99.289 99.417 99.545 99.674 99.803 99.931 100.060 100.190 100.319 100.449 100.579 100.709 100.839 100.969 101.100 101.230 101.361 101.493 101.624 101.756 101.887 102.019 102.151 102.284 102.416 102.549 102.682 102.815 102.948 103.081 103.215 103.349 103.483 103.617 103.751 103.886 104.021 104.156 104.291 104.426 104.562 104.697 104.833 104.969 105.105 105.242 105.378 105.515 105.652 105.789 105.926 106.064 106.202 106.339 106.477 106.616 106.754 106.893 107.031 107.170 107.309
98.463 98.590 98.717 98.844 98.972 99.100 99.228 99.356 99.484 99.613 99.742 99.871 100.000 100.130 100.259 100.389 100.519 100.649 100.779 100.910 101.041 101.172 101.303 101.434 101.566 101.697 101.829 101.961 102.094 102.226 102.359 102.492 102.625 102.758 102.891 103.025 103.159 103.293 103.427 103.561 103.696 103.831 103.966 104.101 104.236 104.372 104.507 104.643 104.779 104.915 105.052 105.188 105.325 105.462 105.599 105.737 105.874 106.012 106.150 106.288 106.426 106.564 106.703 106.842 106.981 107.120 107.259
98.400 98.527 98.655 98.782 98.910 99.038 99.166 99.295 99.423 99.552 99.681 99.810 99.940 100.069 100.199 100.329 100.459 100.589 100.720 100.851 100.982 101.113 101.244 101.375 101.507 101.639 101.771 101.903 102.036 102.169 102.301 102.435 102.568 102.701 102.835 102.969 103.103 103.237 103.371 103.506 103.640 103.775 103.911 104.046 104.181 104.317 104.453 104.589 104.725 104.862 104.998 105.135 105.272 105.409 105.546 105.684 105.822 105.960 106.098 106.236 106.374 106.513 106.652 106.791 106.930 107.069 107.209
98.338 98.465 98.592 98.720 98.848 98.976 99.105 99.233 99.362 99.491 99.620 99.749 99.879 100.009 100.139 100.269 100.399 100.529 100.660 100.791 100.922 101.053 101.185 101.317 101.449 101.581 101.713 101.845 101.978 102.111 102.244 102.377 102.510 102.644 102.778 102.912 103.046 103.180 103.315 103.450 103.585 103.720 103.855 103.991 104.126 104.262 104.398 104.534 104.671 104.808 104.944 105.081 105.219 105.356 105.493 105.631 105.769 105.907 106.045 106.184 106.322 106.461 106.600 106.739 106.879 107.018 107.158
98.275 98.402 98.530 98.658 98.786 98.914 99.043 99.171 99.300 99.429 99.559 99.688 99.818 99.948 100.078 100.208 100.339 100.469 100.600 100.731 100.863 100.994 101.126 101.258 101.390 101.522 101.654 101.787 101.920 102.053 102.186 102.319 102.453 102.587 102.721 102.855 102.989 103.124 103.259 103.394 103.529 103.664 103.799 103.935 104.071 104.207 104.343 104.480 104.616 104.753 104.890 105.027 105.165 105.302 105.440 105.578 105.716 105.854 105.993 106.132 106.270 106.409 106.549 106.688 106.828 106.967 107.107
98.212 98.339 98.467 98.595 98.724 98.852 98.981 99.110 99.239 99.368 99.497 99.627 99.757 99.887 100.017 100.148 100.278 100.409 100.540 100.671 100.803 100.934 101.066 101.198 101.331 101.463 101.596 101.728 101.861 101.995 102.128 102.262 102.395 102.529 102.664 102.798 102.932 103.067 103.202 103.337 103.473 103.608 103.744 103.880 104.016 104.152 104.288 104.425 104.562 104.699 104.836 104.973 105.111 105.249 105.387 105.525 105.663 105.802 105.940 106.079 106.218 106.357 106.497 106.636 106.776 106.916 107.056
98.149 98.276 98.404 98.533 98.661 98.790 98.918 99.047 99.177 99.306 99.436 99.566 99.696 99.826 99.956 100.087 100.218 100.349 100.480 100.611 100.743 100.875 101.007 101.139 101.271 101.404 101.537 101.670 101.803 101.936 102.070 102.204 102.338 102.472 102.606 102.741 102.875 103.010 103.145 103.281 103.416 103.552 103.688 103.824 103.960 104.097 104.233 104.370 104.507 104.644 104.782 104.919 105.057 105.195 105.333 105.471 105.610 105.749 105.888 106.027 106.166 106.305 106.445 106.585 106.725 106.865 107.005
98.085 98.213 98.341 98.470 98.598 98.727 98.856 98.985 99.115 99.244 99.374 99.504 99.634 99.764 99.895 100.026 100.157 100.288 100.419 100.551 100.683 100.815 100.947 101.079 101.212 101.345 101.478 101.611 101.744 101.878 102.011 102.145 102.279 102.414 102.548 102.683 102.818 102.953 103.088 103.224 103.360 103.496 103.632 103.768 103.904 104.041 104.178 104.315 104.452 104.589 104.727 104.865 105.003 105.141 105.279 105.418 105.557 105.695 105.835 105.974 106.113 106.253 106.393 106.533 106.673 106.813 106.954
98.022 98.150 98.278 98.406 98.535 98.664 98.793 98.923 99.052 99.182 99.312 99.442 99.572 99.703 99.834 99.965 100.096 100.227 100.359 100.490 100.622 100.755 100.887 101.019 101.152 101.285 101.418 101.552 101.685 101.819 101.953 102.087 102.221 102.356 102.491 102.625 102.761 102.896 103.031 103.167 103.303 103.439 103.575 103.712 103.848 103.985 104.122 104.259 104.397 104.534 104.672 104.810 104.948 105.087 105.225 105.364 105.503 105.642 105.781 105.921 106.061 106.200 106.340 106.481 106.621 106.762 106.902
97.958 98.086 98.214 98.343 98.472 98.601 98.730 98.860 98.990 99.120 99.250 99.380 99.510 99.641 99.772 99.903 100.035 100.166 100.298 100.430 100.562 100.694 100.827 100.959 101.092 101.225 101.359 101.492 101.626 101.760 101.894 102.028 102.163 102.298 102.432 102.568 102.703 102.838 102.974 103.110 103.246 103.382 103.519 103.655 103.792 103.929 104.066 104.204 104.342 104.479 104.617 104.755 104.894 105.032 105.171 105.310 105.449 105.589 105.728 105.868 106.008 106.148 106.288 106.428 106.569 106.710 106.851
97.894 98.022 98.151 98.280 98.409 98.538 98.667 98.797 98.927 99.057 99.187 99.318 99.448 99.579 99.710 99.842 99.973 100.105 100.237 100.369 100.501 100.634 100.766 100.899 101.032 101.166 101.299 101.433 101.567 101.701 101.835 101.970 102.104 102.239 102.374 102.509 102.645 102.781 102.917 103.053 103.189 103.325 103.462 103.599 103.736 103.873 104.011 104.148 104.286 104.424 104.562 104.701 104.839 104.978 105.117 105.256 105.395 105.535 105.675 105.814 105.955 106.095 106.235 106.376 106.517 106.658 106.799
97.829 97.958 98.087 98.216 98.345 98.474 98.604 98.734 98.864 98.994 99.125 99.255 99.386 99.517 99.648 99.780 99.911 100.043 100.175 100.308 100.440 100.573 100.706 100.839 100.972 101.105 101.239 101.373 101.507 101.641 101.776 101.911 102.045 102.180 102.316 102.451 102.587 102.723 102.859 102.995 103.132 103.268 103.405 103.542 103.679 103.817 103.954 104.092 104.230 104.368 104.507 104.645 104.784 104.923 105.062 105.202 105.341 105.481 105.621 105.761 105.901 106.042 106.182 106.323 106.464 106.606 106.747
97.765 97.894 98.023 98.152 98.281 98.411 98.541 98.671 98.801 98.931 99.062 99.193 99.324 99.455 99.586 99.718 99.850 99.982 100.114 100.246 100.379 100.512 100.645 100.778 100.912 101.045 101.179 101.313 101.447 101.582 101.716 101.851 101.986 102.122 102.257 102.393 102.529 102.665 102.801 102.937 103.074 103.211 103.348 103.485 103.623 103.760 103.898 104.036 104.174 104.313 104.451 104.590 104.729 104.868 105.008 105.147 105.287 105.427 105.567 105.707 105.848 105.988 106.129 106.270 106.412 106.553 106.695
97.700 97.829 97.958 98.088 98.217 98.347 98.477 98.607 98.737 98.868 98.999 99.130 99.261 99.392 99.524 99.656 99.788 99.920 100.052 100.185 100.318 100.451 100.584 100.717 100.851 100.985 101.119 101.253 101.387 101.522 101.657 101.792 101.927 102.063 102.198 102.334 102.470 102.606 102.743 102.879 103.016 103.153 103.291 103.428 103.566 103.703 103.841 103.980 104.118 104.257 104.396 104.535 104.674 104.813 104.953 105.092 105.232 105.372 105.513 105.653 105.794 105.935 106.076 106.217 106.359 106.500 106.642
97.635 97.765 97.894 98.023 98.153 98.283 98.413 98.543 98.674 98.804 98.935 99.067 99.198 99.329 99.461 99.593 99.725 99.858 99.990 100.123 100.256 100.389 100.523 100.656 100.790 100.924 101.058 101.193 101.327 101.462 101.597 101.732 101.868 102.003 102.139 102.275 102.411 102.548 102.685 102.821 102.958 103.096 103.233 103.371 103.509 103.647 103.785 103.923 104.062 104.201 104.340 104.479 104.618 104.758 104.898 105.038 105.178 105.318 105.459 105.599 105.740 105.881 106.023 106.164 106.306 106.448 106.590
97.570 97.700 97.829 97.959 98.089 98.219 98.349 98.479 98.610 98.741 98.872 99.003 99.135 99.266 99.398 99.530 99.663 99.795 99.928 100.061 100.194 100.328 100.461 100.595 100.729 100.863 100.997 101.132 101.267 101.402 101.537 101.673 101.808 101.944 102.080 102.216 102.353 102.489 102.626 102.763 102.900 103.038 103.175 103.313 103.451 103.589 103.728 103.866 104.005 104.144 104.283 104.423 104.562 104.702 104.842 104.982 105.123 105.263 105.404 105.545 105.686 105.828 105.969 106.111 106.253 106.395 106.537
